(37.805630 1035.254150) (3516.437744 1792.832642)
(1035.441162 7.114837) (4363.799316 1732.705078)
(721.168701 398.981079) (4096.216797 1730.562012)
(102.255638 693.488831) (3677.846680 1901.919556)
(58.038292 1128.560669) (3491.077881 1746.598022)
(855.976990 536.447266) (4108.222168 1612.782715)
(311.217804 853.883545) (3716.065674 1742.141602)
(102.527710 690.964355) (3678.972168 1902.800781)
(311.640198 859.287659) (3714.118652 1739.721436)
(136.653717 1137.130371) (3523.259033 1707.860840)
(776.346191 284.727264) (4163.405273 1748.654785)
(1000.348694 201.318573) (4289.059570 1678.207764)
(1019.081604 200.720001) (4296.981445 1670.206055)
(211.555069 1305.862793) (3494.401367 1606.524536)
(331.995453 411.295288) (3903.226074 1908.982544)
(327.568848 1113.429565) (3621.428467 1628.068115)
(697.373657 347.389557) (4104.259766 1761.784180)
(698.950867 347.484772) (4104.960449 1761.003662)
(775.079041 318.936432) (4150.532715 1736.224609)
(135.738235 1091.858521) (3539.822998 1726.464722)
(227.325897 1247.658203) (3523.163818 1621.915039)
(776.117188 328.070007) (4147.705566 1732.239380)
(526.907410 60.893799) (4130.557617 1944.769409)
(1000.269409 28.287510) (4343.683594 1740.649170)
(330.718170 1090.015869) (3632.098145 1636.058350)
(898.015686 167.839066) (4257.196289 1736.279785)
(749.159485 319.636261) (4138.423340 1748.075439)
(993.165955 168.358704) (4296.758301 1693.561401)
(331.928070 1094.457642) (3630.937988 1633.676147)
(892.937866 167.341965) (4255.207031 1738.760254)
(513.829712 162.683273) (4087.062988 1915.893677)
(128.473022 1085.288696) (3538.966309 1732.407715)
(130.552917 1076.473389) (3543.241211 1735.017822)
(321.538300 1039.684204) (3647.447510 1660.949707)
(803.790344 390.280884) (4137.801758 1695.217041)
(182.723068 1156.010864) (3537.203613 1679.138428)
(136.066849 1094.191284) (3539.095215 1725.375854)
(266.780640 1106.122314) (3595.383057 1659.912354)
(1001.858032 175.741333) (4297.951172 1687.014648)
(332.316589 1092.710449) (3631.809082 1634.199829)
(406.112457 1033.514771) (3690.980469 1622.898682)
(965.575134 11.334463) (4335.226074 1761.785889)
(656.779236 323.117157) (4094.291504 1790.218750)
(306.907074 1144.356567) (3599.560791 1625.439941)
(181.758530 1156.046997) (3536.747803 1679.570312)
(975.021667 3.130349) (4341.485352 1760.455078)
(1007.005737 185.509232) (4296.919434 1681.143799)
(753.773071 328.327789) (4137.378906 1742.587769)
(104.780991 210.901474) (3870.726562 2079.463135)
(1002.935913 7.195985) (4351.176270 1746.811523)
(276.601685 1105.445190) (3600.288574 1655.543823)
(309.318695 1144.730225) (3600.558594 1624.140381)
(484.996948 1081.793945) (3710.427246 1565.025391)
(185.984131 327.465179) (3864.476074 2004.826172)
(483.567413 1086.635742) (3707.785400 1563.747559)
(322.459869 365.811035) (3916.533691 1930.386841)
(216.757751 1210.158203) (3532.414062 1641.702637)
(159.797256 464.573608) (3796.924072 1965.643799)
(182.670532 444.066010) (3816.396240 1963.422729)
(97.788116 271.107910) (3843.398682 2061.758057)
(824.360962 494.583405) (4108.980469 1644.284546)
(97.349571 273.466248) (3842.245850 2061.121094)
(321.341095 340.779083) (3925.866455 1940.154907)
(392.219940 963.160645) (3712.228516 1658.503906)
(184.533875 327.564301) (3863.721191 2005.414307)
(484.023895 1142.175293) (3685.821533 1541.048340)
(484.788361 1122.034668) (3694.233154 1548.802979)
(824.208679 228.263977) (4204.698242 1747.678833)
(184.198975 1233.655151) (3508.831543 1647.567627)
(793.720337 185.072235) (4206.278320 1777.684082)
(416.326935 1086.939209) (3674.724365 1596.154053)
(33.925770 1098.590088) (3491.336426 1769.162476)
(825.631287 229.989594) (4204.725098 1746.380615)
(371.829132 1055.545776) (3665.522705 1630.394043)
(403.803864 1086.892578) (3668.645508 1602.217529)
(22.983034 434.440643) (3741.715820 2033.959717)
(921.021851 98.086967) (4289.743164 1751.130859)
(391.789856 1176.035767) (3627.685547 1572.018066)
(819.151917 298.935883) (4177.628906 1723.381348)
(141.055634 1129.365356) (3528.166992 1708.966675)
(148.524475 1102.026245) (3541.857666 1716.545166)
(809.824158 504.363586) (4098.529785 1647.121582)
(929.870972 578.664734) (4127.053711 1561.982910)
(372.362854 1053.534790) (3666.578125 1630.958862)
(239.129501 1208.394409) (3543.352295 1631.909424)
(389.736664 957.600891) (3713.229004 1661.988647)
(393.939697 963.640015) (3712.882080 1657.479248)
(880.197693 221.923111) (4231.329102 1724.389160)
(800.957642 472.564728) (4106.212402 1663.999268)
(231.221725 1284.905151) (3511.021729 1605.470215)
(395.090240 1097.193970) (3660.333252 1602.232178)
(145.487198 1142.940918) (3525.103027 1701.501465)
(691.926880 325.755890) (4109.727539 1772.634155)
(197.235474 1161.748901) (3541.701904 1670.110596)
(517.754272 198.761780) (4075.430176 1901.315186)
(143.603333 1136.320679) (3526.723145 1705.014771)
(158.203644 1069.953735) (3558.459717 1725.061035)
(814.312317 262.323090) (4188.400879 1739.492798)
(927.859741 99.537460) (4292.093262 1747.549316)
(814.300537 262.123596) (4188.465820 1739.573364)
(540.166077 105.945854) (4120.234863 1923.410889)
(782.315796 476.244659) (4096.102051 1671.249756)
(249.268890 405.157623) (3864.817383 1948.646973)
(28.204458 359.993683) (3773.828125 2058.711182)
(871.189514 217.801758) (4228.833984 1730.030029)
(949.226013 583.263672) (4134.334473 1551.432495)
(29.568459 1087.488403) (3493.467285 1775.498657)
(211.254761 1063.397949) (3585.708252 1703.250732)
(545.840881 105.774689) (4122.910156 1920.852783)
(779.033203 422.559296) (4114.505859 1694.097290)
(213.097183 1067.793823) (3584.882568 1700.610840)
(166.615845 1067.595337) (3563.257324 1722.162109)
(75.400146 659.116211) (3678.398193 1926.982544)
(61.287876 613.204346) (3689.653809 1950.837402)
(867.722900 134.676559) (4255.407227 1762.068481)
(73.101837 649.121887) (3681.221191 1931.871338)
(238.093124 1288.773071) (3512.691895 1600.729004)
(538.760925 40.913166) (4143.194336 1946.005737)
(285.402618 406.005737) (3882.329346 1932.140137)
(346.379913 1035.640991) (3661.049561 1650.736694)
(387.185822 1093.504272) (3657.959229 1607.540039)
(224.078583 1280.843262) (3509.302979 1610.411133)
(244.644363 1214.721802) (3543.499023 1626.800781)
(73.188004 648.295471) (3681.588135 1932.157959)
(853.873108 215.824249) (4221.988770 1738.679443)
(478.575989 78.232719) (4101.919434 1961.046021)
(236.380707 1224.122192) (3536.148682 1626.961426)
(283.664673 889.570862) (3688.400635 1740.455322)
(837.247681 563.383728) (4089.355469 1610.517578)
(513.065430 211.437988) (4068.460693 1898.962646)
(795.562195 247.039825) (4185.424316 1753.909180)
(188.812363 374.293304) (3847.244141 1986.618530)
(1071.391235 8.868153) (4377.033203 1716.623657)
(182.742569 396.515167) (3835.395020 1981.081055)
(173.547470 1132.587646) (3541.822266 1692.770996)
(778.542419 370.087402) (4133.548828 1714.874146)
(24.912905 1076.366211) (3495.474609 1781.969482)
(381.903839 1010.557617) (3688.280762 1643.971680)
(279.178864 859.991638) (3697.953125 1754.696533)
(22.096649 296.225922) (3796.170654 2083.504883)
(821.507019 274.218048) (4187.419922 1731.678467)
(59.743694 602.672363) (3693.058594 1955.558350)
(306.229248 911.064392) (3690.872070 1720.990967)
(67.115372 429.813995) (3765.166260 2017.699463)
(186.272369 389.963013) (3839.748535 1981.966064)
(122.596062 1194.744995) (3495.552246 1691.284058)
(310.304535 919.169800) (3689.642090 1715.730225)
(332.499329 1053.942749) (3647.122559 1649.896362)
(830.960205 580.604553) (4079.899414 1606.426880)
(339.487122 1053.650757) (3650.610107 1646.675293)
(17.786167 305.890381) (3790.212891 2081.854980)
(65.298317 440.396759) (3760.067139 2014.555054)
(374.287170 1014.394836) (3683.036621 1646.057739)
(343.281036 1067.415894) (3647.020264 1639.245117)
(286.224152 852.544556) (3704.355957 1754.448975)
(141.380371 1018.214172) (3570.349609 1753.666382)
(25.086679 561.740173) (3692.406738 1985.608521)
(138.746704 1219.497192) (3493.658203 1674.110840)
(1042.935181 302.550140) (4273.684570 1621.325928)
(31.575319 420.511627) (3751.443848 2035.580444)
(309.545013 928.331787) (3685.635742 1712.322876)
(1005.932800 253.542892) (4274.307617 1656.164307)
(508.045105 225.093079) (4060.942383 1896.391724)
(147.194016 279.299591) (3864.483643 2038.403931)
(885.815369 492.000275) (4138.453125 1616.991455)
(12.701086 312.758911) (3784.987793 2081.468994)
(37.411217 411.676880) (3757.809570 2036.437378)
(475.362549 94.895279) (4094.264893 1956.906616)
(19.601616 1064.306152) (3497.536133 1789.094971)
(897.416260 490.903595) (4144.188965 1612.137329)
(164.120514 1079.101929) (3557.724365 1718.654663)
(889.366577 489.425415) (4141.027344 1616.401611)
(506.697083 230.690002) (4058.189697 1895.001099)
(94.479729 337.764038) (3815.260010 2039.716553)
(327.696777 377.472839) (3914.500732 1923.659668)
(20.700109 401.844299) (3753.530273 2046.713623)
(441.007996 1058.024536) (3698.306152 1596.013794)
(1042.596558 303.214569) (4273.323242 1621.218262)
(174.046356 1065.642578) (3567.454834 1719.540894)
(357.024109 1041.295776) (3663.975098 1643.324585)
(93.451210 348.481140) (3810.487793 2036.318237)
(166.295074 1018.216736) (3581.980469 1742.323486)
(422.673370 90.761963) (4071.125244 1982.219238)
(894.744202 487.101837) (4144.345215 1614.879272)
(250.826172 1200.267090) (3551.833740 1629.634521)
(407.853180 1444.552124) (3531.712646 1460.595581)
(403.369812 51.339169) (4076.793213 2003.915039)
(879.686218 570.907837) (4106.511230 1587.917480)
(32.871117 422.372955) (3751.339355 2034.379883)
(166.438751 1020.916016) (3581.012695 1741.161987)
(885.664856 497.437378) (4136.397461 1614.877808)
(393.578583 1426.480591) (3531.978027 1474.127319)
(367.084137 1414.024292) (3524.519287 1491.452148)
(1014.748413 320.555359) (4255.774414 1626.704834)
(470.277435 113.717041) (4084.899414 1952.846191)
(128.526321 312.248322) (3842.191895 2034.631348)
(151.679825 1007.967102) (3579.071777 1753.147095)
(898.919739 509.344147) (4138.158203 1604.043701)
(401.568512 46.644314) (4077.699707 2006.250488)
(34.028381 564.437927) (3695.673828 1980.910645)
(291.001221 1404.629761) (3493.542236 1531.231567)
(436.864502 1476.834961) (3532.855469 1434.888672)
(503.534729 239.426758) (4053.383301 1893.314331)
(154.909454 1006.425537) (3581.172852 1752.304077)
(302.390198 1129.998291) (3602.988525 1633.379150)
(295.137543 1065.451172) (3624.667969 1662.996948)
(37.625000 354.484985) (3780.641113 2056.899902)
(953.558777 56.344112) (4316.358398 1751.407715)
(445.593872 1060.949951) (3699.388428 1592.600342)
(83.032310 389.039062) (3789.211914 2026.017334)
(796.803955 259.993225) (4181.406738 1748.476318)
(348.201355 1094.675049) (3638.670898 1625.797729)
(311.166260 1398.377686) (3504.940186 1524.011108)
(12.359748 675.840881) (3641.582275 1946.874390)
(198.222794 1124.106201) (3556.416504 1684.764893)
(1046.247437 91.626724) (4342.300293 1698.229004)
(781.865295 242.389343) (4180.947266 1762.000244)
(782.615417 353.968323) (4141.291016 1719.223755)
(968.748474 663.584961) (4113.767578 1509.984619)
(840.214355 193.411819) (4223.730957 1753.224976)
(215.936295 1112.239502) (3569.170410 1681.305420)
(168.320786 1141.096924) (3536.218506 1691.763916)
(499.437073 109.594299) (4100.037109 1940.897827)
(83.017441 1132.291504) (3500.856934 1734.003906)
(30.276142 401.822845) (3758.227539 2042.883179)
(934.710266 655.074158) (4100.957520 1528.620728)
(21.690134 413.211975) (3749.503906 2042.205078)
(477.619873 986.738098) (3744.919434 1607.544067)
(181.636703 1062.162354) (3572.319824 1717.457520)
(330.620483 1410.022827) (3509.407227 1510.361206)
(438.751221 1049.329956) (3700.669434 1600.659424)
(750.912842 286.430756) (4151.249512 1759.877808)
(466.139923 1028.601685) (3722.440918 1595.894897)
(177.760574 1072.356079) (3566.621582 1715.115723)
(6.274084 478.415253) (3716.159668 2024.496094)
(263.372772 1248.906982) (3539.195312 1604.438965)
(322.037689 1402.654785) (3508.265625 1517.222900)
(24.478226 522.484009) (3707.596436 2000.704102)
(510.878113 248.473816) (4053.447754 1886.608643)
(292.633942 1396.575073) (3497.255371 1533.497559)
(143.974014 316.393463) (3848.159668 2026.674927)
(310.159210 960.039001) (3673.371338 1699.001587)
(498.665741 259.842743) (4043.315430 1888.161377)
(298.313873 1412.012329) (3494.094482 1524.981812)
(220.149048 1106.874756) (3573.188477 1681.505615)
(903.622314 470.356659) (4154.482422 1617.536743)
(275.756866 1161.590820) (3578.227051 1633.311768)
(586.460999 1202.893555) (3711.916992 1467.397583)
(422.483063 64.367569) (4080.894775 1991.065063)
(347.121643 1087.410034) (3641.006104 1629.267090)
(808.236450 377.827087) (4144.370605 1698.013916)
(130.870438 1204.175415) (3495.778809 1683.775146)
(192.017044 1106.117065) (3560.381104 1694.892090)
(817.900452 429.943787) (4129.813965 1673.045654)
(1001.660889 335.415955) (4245.174805 1626.719849)
(284.332855 1396.671265) (3493.491699 1537.398071)
(140.700592 332.336060) (3840.204102 2022.371094)
(421.131592 76.707321) (4075.657227 1987.593506)
(192.967514 1245.885742) (3508.245850 1638.669189)
(992.921509 241.088821) (4272.952148 1666.599365)
(359.868500 980.848450) (3689.329834 1666.751831)
(171.289093 1086.685425) (3558.162598 1712.300293)
(214.227966 1164.207153) (3548.599121 1661.209961)
(56.404217 516.409973) (3725.541504 1989.883789)
(403.969116 9.345494) (4092.677979 2017.200684)
(106.313164 1040.040894) (3545.849121 1760.641113)
(823.687683 421.524292) (4135.563477 1673.684692)
(264.473694 1378.398071) (3491.339111 1553.728760)
(963.671021 490.601410) (4174.478027 1582.393555)
(860.289124 119.803116) (4257.213867 1770.795776)
(93.740273 437.413757) (3775.219482 2003.859863)
(810.890442 439.353577) (4123.114746 1672.581177)
(361.459656 1490.435059) (3493.439453 1465.910767)
(593.675110 1211.549316) (3712.004883 1460.521240)
(471.177673 1010.976135) (3731.997559 1600.691162)
(160.420807 1149.434692) (3529.475098 1692.056396)
(890.292114 592.722778) (4103.358887 1574.191895)
(47.237080 362.918518) (3782.008789 2050.029053)
(490.136200 288.032745) (4028.475098 1881.801270)
(395.024872 1530.977783) (3493.513672 1435.310669)
(368.126495 1498.075684) (3493.606934 1459.959473)
(828.018005 419.045166) (4138.460938 1672.654297)
(1036.453979 383.505096) (4243.863281 1592.773682)
(401.727081 1539.067505) (3493.530762 1429.239258)
(950.582581 157.025116) (4282.833008 1716.610840)
(942.153564 664.168579) (4101.060547 1521.564697)
(255.763779 1293.317627) (3519.016357 1590.626099)
(264.148163 822.485596) (3705.514160 1777.072144)
(827.537537 410.469727) (4141.362305 1676.257080)
(972.194885 501.782532) (4174.334961 1574.117310)
(102.025436 427.840393) (3783.106445 2003.928467)
(407.437866 304.421906) (3982.200195 1914.166382)
(970.464478 632.414001) (4126.108887 1521.965088)
(521.766602 270.247955) (4050.374023 1873.559448)
(750.375366 374.470886) (4118.921387 1726.367065)
(167.347061 278.972229) (3874.541016 2030.010864)
(435.257446 1579.366821) (3493.679688 1399.127319)
(421.212250 1115.923706) (3665.604492 1582.029541)
(521.070740 1116.227173) (3714.412842 1533.592407)
(260.579041 816.827637) (3706.018555 1781.043945)
(619.778687 1241.223877) (3712.985352 1436.403564)
(895.316406 258.334564) (4225.444824 1703.849854)
(944.711243 654.512756) (4105.871094 1524.377197)
(961.638855 654.645386) (4113.760254 1516.790161)
(319.129852 975.167969) (3671.741211 1688.528809)
(25.078537 315.007294) (3790.171387 2075.801270)
(948.095215 260.441528) (4247.501465 1679.235352)
(800.067139 325.286652) (4159.611328 1722.150879)
(987.237122 725.533264) (4099.333984 1476.481934)
(623.383423 297.331238) (4088.239502 1815.717651)
(382.595245 1175.030762) (3623.669922 1576.849243)
(249.518250 1212.135132) (3546.726074 1625.531494)
(338.881714 1174.662109) (3602.963623 1597.991699)
(944.141357 632.943237) (4113.633301 1533.454834)
(491.671570 299.914520) (4024.659424 1876.692993)
(926.929138 645.980469) (4100.694824 1535.837524)
(287.599945 961.063599) (3662.029785 1709.253662)
(469.677979 1627.373047) (3491.369385 1366.343018)
(310.378021 821.357544) (3728.630859 1755.892944)
(1017.094971 767.764038) (4097.589355 1446.242554)
(646.531311 396.332550) (4061.954346 1766.926880)
(976.521851 673.091248) (4113.874023 1502.664551)
(451.647827 123.904503) (4072.348633 1957.878296)
(943.826477 439.743134) (4183.638672 1611.554565)
(117.186508 994.614990) (3568.096680 1774.134521)
(655.765442 294.132599) (4104.579590 1801.655273)
(578.733032 1195.128906) (3711.217773 1474.181152)
(136.910812 843.871033) (3635.551270 1826.411743)
(600.790833 1220.377930) (3711.975098 1453.638184)
(960.612549 565.809326) (4145.963867 1553.438110)
(569.281799 1197.785645) (3705.486816 1477.670410)
(921.452637 85.331619) (4294.041016 1755.479004)
(53.264584 391.324829) (3773.673096 2037.385010)
(382.362610 1173.793579) (3624.042969 1577.456665)
(158.723938 1277.597778) (3481.238281 1642.085571)
(167.382904 1107.823730) (3548.342285 1705.569946)
(437.177887 1066.565063) (3693.021240 1594.378906)
(1045.592163 344.477783) (4260.894043 1604.007446)
(222.704437 1370.965088) (3475.473389 1576.226318)
(218.467270 1369.056641) (3474.294922 1578.940552)
(1067.971924 30.390591) (4369.323242 1710.576172)
(581.088074 1159.211792) (3726.819824 1487.347534)
(626.243652 1250.609985) (3712.409424 1429.666870)
(729.117859 297.143677) (4137.406250 1766.026855)
(943.614929 253.244202) (4248.007324 1683.964722)
(215.445572 1362.015503) (3475.527588 1583.047119)
(193.328064 1278.850464) (3496.203613 1625.561035)
(110.036758 416.045197) (3791.748047 2004.911621)
(988.966309 551.143311) (4164.240234 1546.813965)
(278.306061 368.740570) (3893.622803 1949.216431)
(409.793396 1538.724243) (3497.292725 1425.525024)
(96.619553 1141.367188) (3503.604980 1724.283691)
(612.404968 1232.673218) (3712.775879 1443.263428)
(371.711792 312.486603) (3961.651611 1927.619141)
(981.417542 880.426147) (4037.521973 1415.590820)
(983.587463 231.180801) (4272.300781 1674.453247)
(451.182281 106.107376) (4078.784668 1964.136841)
(34.552635 937.278381) (3551.641113 1833.610229)
(109.941132 1111.565308) (3520.676270 1730.218750)
(961.252930 546.542786) (4153.255371 1560.952881)
(649.866089 392.748291) (4064.895508 1766.737061)
(216.289246 1350.753296) (3480.018066 1586.968872)
(99.428497 1132.611938) (3508.105957 1726.520508)
(969.196411 491.887238) (4176.512695 1579.418213)
(1025.155640 776.610046) (4098.077637 1439.167358)
(418.071594 261.751587) (4003.883301 1924.813354)
(1005.165588 530.867554) (4178.838379 1547.875366)
(919.231995 214.903503) (4250.476562 1709.313965)
(984.706970 683.030029) (4114.013184 1494.998901)
(992.571106 692.389038) (4114.217285 1487.725342)
(270.852631 869.554077) (3690.096436 1754.671753)
(1034.692505 82.839775) (4340.452148 1706.380859)
(27.423260 594.309326) (3680.718262 1972.207520)
(510.190613 345.997742) (4015.864746 1850.767944)
(412.480164 291.075500) (3989.831543 1916.730957)
(460.975342 1072.209595) (3702.444092 1580.561646)
(428.819305 1571.729980) (3493.613770 1404.846680)
(363.960876 1482.276978) (3497.589355 1467.694336)
(259.920837 883.714783) (3679.168701 1753.973389)
(244.794937 363.292786) (3879.255371 1966.142822)
(360.001190 402.458771) (3920.524658 1899.469604)
(855.161255 285.834167) (4198.300293 1711.771118)
(1071.776855 96.037796) (4350.966309 1685.645996)
(408.699371 1547.161621) (3493.667480 1423.050781)
(146.686829 1267.865356) (3479.460449 1651.434082)
(550.078674 1118.735229) (3727.742676 1518.558228)
(426.598846 1018.475220) (3707.024170 1619.176758)
(453.379089 42.625469) (4103.350586 1984.278564)
(448.605896 246.314667) (4024.520508 1916.307495)
(585.931274 1214.616455) (3706.948486 1463.023926)
(190.909195 1033.365967) (3587.704834 1724.866211)
(65.161621 1197.575928) (3469.080566 1716.018311)
(381.566864 344.530121) (3953.919922 1911.268066)
(258.465088 1363.486206) (3494.151367 1562.254761)
(145.175537 972.819458) (3589.511963 1770.367188)
(879.369507 505.095917) (4130.684570 1614.680298)
(981.175476 388.485535) (4218.145996 1615.103271)
(1032.668335 128.581818) (4325.426758 1690.790405)
(579.569031 399.656525) (4028.652832 1797.435547)
(238.186111 1094.124390) (3586.537842 1678.223633)
(592.156921 289.596588) (4076.437744 1833.330322)
(395.302551 1521.155396) (3497.283203 1438.693970)
(90.587769 1087.483887) (3520.880859 1748.572021)
(809.951416 339.762604) (4158.898438 1711.986206)
(110.300011 1162.989014) (3501.755859 1709.489990)
(87.009529 1092.142334) (3517.525879 1748.299561)
(371.017944 350.066528) (3946.583008 1914.060059)
(656.766113 1289.946899) (3711.689941 1400.006348)
(1024.419312 731.074768) (4114.753906 1458.097900)
(332.946472 1011.916748) (3663.913086 1666.871338)
(32.278370 948.825256) (3546.243652 1829.949341)
(664.520996 1298.210083) (3712.204102 1393.188232)
(157.106110 343.860565) (3843.710449 2011.284790)
(587.138855 1167.652710) (3726.420898 1481.068237)
(1064.358521 780.214966) (4115.194336 1421.078369)
(355.616821 371.321960) (3930.661621 1913.200439)
(448.672211 59.736374) (4094.846680 1980.776978)
(441.232025 1574.888428) (3498.039551 1397.854736)
(481.302185 19.646963) (4124.645996 1979.152344)
(521.395691 1125.741699) (3710.758301 1529.592041)
(154.237869 950.526794) (3602.370361 1775.323364)
(277.370270 350.584259) (3900.357666 1956.328613)
(518.131104 1082.470581) (3726.508301 1548.705566)
(206.835846 1112.246948) (3564.929688 1685.541260)
(922.850769 650.132751) (4097.218750 1535.971802)
(246.467575 1051.079346) (3607.086426 1691.813477)
(1010.085876 757.325684) (4098.196289 1453.533447)
(41.303497 651.448181) (3664.975586 1944.357666)
(426.042694 1557.531128) (3497.635742 1411.147339)
(441.372375 253.506668) (4018.287109 1917.052979)
(354.985870 1482.250610) (3493.559814 1471.978760)
(518.199829 21.861010) (4140.707520 1961.675781)
(245.920334 1058.701782) (3603.871582 1688.969727)
(693.005676 1333.400757) (3712.143799 1366.488647)
(254.670074 828.162476) (3698.629395 1779.156250)
(7.304116 367.474060) (3760.613281 2064.348877)
(423.808411 1522.928955) (3509.529297 1424.486206)
(388.398865 1522.571533) (3493.648438 1441.472046)
(431.632416 10.176162) (4105.215332 2004.583008)
(200.028824 1028.066406) (3594.036133 1722.808228)
(271.481476 1286.268433) (3528.831543 1585.942261)
(678.751221 1315.758545) (3712.187012 1379.821655)
(600.928345 1233.147095) (3706.914062 1448.560669)
(375.280701 316.458893) (3961.840576 1924.527100)
(177.606415 1094.849854) (3557.985840 1706.096069)
(339.742096 1213.273193) (3588.410645 1582.175415)
(244.400208 1065.496582) (3600.520508 1686.921143)
(23.613085 598.810913) (3677.111328 1972.047729)
(429.459564 192.988022) (4035.723877 1944.092896)
(937.011353 529.303101) (4148.402832 1578.764771)
(344.506195 914.818848) (3708.099121 1701.274292)
(649.627869 1281.672363) (3711.485840 1406.555908)
(131.742859 1272.458252) (3471.189453 1656.486572)
(1000.478943 701.858704) (4114.401367 1480.401489)
(437.070099 1539.577637) (3509.329834 1412.248413)
(1073.814331 51.758526) (4365.165039 1700.551880)
(427.081085 188.127258) (4036.439453 1946.886108)
(221.963348 959.813416) (3630.944824 1740.480713)
(595.583191 1159.151367) (3734.031006 1480.406738)
(85.652000 1213.293701) (3472.386230 1700.641113)
(277.312469 1388.297485) (3493.437256 1543.894653)
(743.856506 1395.753662) (3712.226562 1319.847900)
(354.429016 1018.692505) (3671.660645 1653.822021)
(543.619324 1109.460693) (3728.273682 1525.427124)
(149.900543 961.211853) (3596.202148 1772.944458)
(569.167603 1188.703857) (3709.073486 1481.328247)
(152.851181 947.062988) (3603.053711 1777.359741)
(951.834045 351.571350) (4218.041016 1642.597168)
(1011.287109 524.858582) (4183.732422 1547.614624)
(991.343323 477.809875) (4191.450684 1575.237427)
(997.777100 422.087372) (4213.802734 1594.536011)
(1048.983154 805.648071) (4098.436035 1417.186890)
(485.548096 1629.932983) (3497.579346 1357.994263)
(250.170441 821.636047) (3699.024658 1783.908936)
(304.344025 1274.521729) (3548.393066 1574.923584)
(1057.414062 815.179749) (4098.842285 1409.755615)
(557.666870 17.429667) (4160.166504 1945.123291)
(750.999756 1404.769043) (3712.134277 1313.295898)
(97.830475 1146.689575) (3502.182617 1721.614258)
(437.006409 1586.886475) (3491.678223 1395.684082)
(1056.942749 770.466736) (4115.344727 1428.170166)
(880.935059 633.027161) (4083.827637 1561.992310)
(362.791138 355.982422) (3940.224609 1915.634888)
(961.060913 464.800873) (4182.487305 1593.870239)
(367.793854 1113.997192) (3640.509033 1608.556885)
(246.858841 817.735840) (3698.957031 1787.034668)
(244.988510 1035.808838) (3612.313232 1698.724976)
(122.008209 475.243469) (3774.053955 1977.841675)
(1006.328918 450.575165) (4207.665527 1579.488770)
(948.323853 293.239197) (4236.500977 1666.656372)
(194.407440 8.637091) (3993.590088 2107.770264)
(975.943909 710.955322) (4099.469727 1487.408325)
(160.328598 928.409607) (3613.813477 1781.558228)
(1016.828979 721.347900) (4114.814453 1465.343140)
(512.725098 1631.239990) (3509.429199 1344.763184)
(98.277641 1122.202148) (3511.446777 1731.203369)
(700.089661 1342.432861) (3712.016113 1359.794434)
(314.129059 1272.133545) (3553.835693 1571.193970)
(507.073883 1132.677002) (3700.928223 1533.722168)
(156.866287 1291.538330) (3475.328125 1637.501221)
(956.122192 353.222839) (4219.348145 1640.035400)
(257.340393 866.436096) (3684.753906 1762.254883)
(203.996552 1032.428589) (3594.223389 1719.198120)
(389.437073 1120.562622) (3648.366699 1595.483154)
(948.245483 472.725555) (4173.894043 1596.439941)
(448.980682 22.543362) (4108.698242 1992.805054)
(293.158966 1280.428833) (3540.988525 1577.935669)
(81.326424 163.518433) (3877.950439 2104.696533)
(209.771164 1023.428101) (3600.424316 1720.184204)
(307.165100 1428.824219) (3491.852051 1514.476562)
(623.028381 1212.727905) (3726.063965 1446.023438)
(671.909363 1306.697754) (3712.446045 1386.475830)
(99.256783 1052.842041) (3537.793457 1758.636230)
(335.636688 1164.009155) (3605.562012 1603.817017)
(434.740173 198.955444) (4035.972900 1939.574463)
(442.595612 205.637665) (4037.179688 1933.608887)
(756.657898 382.399658) (4118.917480 1720.332031)
(366.865021 1529.527954) (3481.431641 1449.219849)
(734.746887 1253.016113) (3765.442871 1377.704590)
(1048.725464 760.853088) (4115.069336 1435.563965)
(559.440186 178.000519) (4102.673340 1889.322632)
(440.558868 1098.487549) (3681.959961 1579.748291)
(1079.946777 799.827209) (4115.205566 1406.588135)
(949.030945 490.448151) (4167.908203 1588.997070)
(605.489624 1160.485718) (3738.411621 1475.121338)
(993.976562 460.764496) (4198.624023 1580.872925)
(541.875305 1101.277100) (3730.700195 1529.583496)
(149.132324 72.824928) (3946.780029 2106.428467)
(236.218491 840.188599) (3684.875000 1782.787842)
(868.930908 615.253540) (4084.836426 1574.762695)
(118.635605 473.404083) (3773.127686 1979.966431)
(1069.578003 42.401165) (4366.343262 1705.668213)
(552.406250 1108.350830) (3733.071777 1521.631104)
(487.794128 141.946365) (4082.588379 1935.125122)
(98.562302 383.638550) (3799.006104 2021.541138)
(347.582245 1473.535400) (3493.459473 1478.694824)
(922.809021 196.632339) (4258.110352 1714.488403)
(615.838806 1204.005737) (3726.011719 1452.892578)
(97.741058 1202.581421) (3481.621582 1699.434326)
(609.897217 1176.918823) (3733.976562 1466.463013)
(535.380493 1135.984009) (3713.550049 1518.703735)
(939.338928 512.273865) (4155.639648 1584.580811)
(215.751572 1023.300110) (3603.301270 1717.460815)
(617.104187 1185.093994) (3734.259766 1459.769165)
(760.014893 457.970245) (4092.444336 1689.001953)
(746.970825 1269.736328) (3764.779785 1365.620361)
(947.734741 409.244995) (4196.146484 1621.861694)
(371.758942 36.058804) (4067.653564 2022.940796)
(174.836441 995.884644) (3594.579102 1747.491333)
(986.235718 662.262268) (4122.428711 1502.822388)
(158.758087 909.971191) (3620.225830 1789.769775)
(252.818359 1084.695312) (3597.072266 1675.173340)
(1071.875122 789.989929) (4115.081543 1413.951660)
(1002.311340 682.363647) (4122.489258 1487.577393)
(1033.014160 786.348572) (4098.134766 1431.832520)
(593.719421 1169.920410) (3728.769531 1477.004272)
(686.090332 1324.714600) (3712.216309 1372.994629)
(901.626953 334.147736) (4201.989258 1672.012207)
(137.925888 71.321556) (3941.910156 2111.480469)
(92.444412 403.241394) (3788.188232 2016.951904)
(245.235931 833.986633) (3691.719727 1781.150024)
(553.822815 1126.712280) (3726.389160 1513.532471)
(66.519890 207.852737) (3853.115723 2095.937256)
(992.664368 720.941772) (4103.612305 1475.993408)
(1032.445679 740.728394) (4114.924805 1450.711670)
(867.550537 296.089996) (4200.201172 1702.182373)
(130.716934 403.033875) (3807.122559 2000.970215)
(967.382324 467.819000) (4184.254883 1589.848145)
(1019.470215 692.257019) (4126.828613 1476.093872)
(1038.874512 780.295837) (4103.174316 1431.809692)
(132.719040 398.379974) (3809.964600 2001.828857)
(1027.280762 701.682190) (4126.985352 1468.878418)
(68.926476 193.004532) (3860.185059 2099.924561)
(620.033386 1177.263672) (3738.872070 1461.476807)
(736.961731 1387.402222) (3712.173828 1326.066650)
(171.803528 19.759115) (3978.395996 2113.681885)
(462.528900 1614.007446) (3493.109375 1374.267578)
(180.786270 22.950647) (3981.501709 2108.996338)
(313.832092 1436.771606) (3491.905518 1508.343628)
(641.561584 1062.956665) (3795.806152 1497.157104)
(1056.746216 652.189453) (4158.685547 1476.445312)
(135.580673 664.224731) (3705.576660 1898.989868)
(224.934647 1024.936768) (3607.016113 1712.522949)
(993.692566 736.773743) (4098.165527 1469.058960)
(158.232224 38.647892) (3964.506592 2113.409180)
(830.894531 390.351562) (4150.197266 1682.602539)
(883.797180 627.656860) (4087.206055 1562.884033)
(109.807526 1004.377808) (3560.960449 1773.488525)
(350.748688 924.615906) (3707.253906 1694.260498)
(995.456665 661.716980) (4126.924805 1499.005737)
(999.964600 713.069885) (4109.985840 1476.036865)
(404.665222 285.030090) (3988.386230 1922.534302)
(31.692059 970.593201) (3537.794922 1821.454834)
(488.681976 252.595322) (4041.307617 1895.450562)
(335.488617 1462.668335) (3492.049316 1488.447144)
(898.479553 337.961304) (4199.262207 1671.968994)
(1048.929077 642.130920) (4158.750977 1483.868652)
(99.648911 152.589600) (3891.263672 2100.906738)
(954.623108 460.719360) (4181.043945 1598.373901)
(683.101746 1327.819580) (3709.485107 1373.219727)
(1064.477783 661.992371) (4158.672852 1469.176514)
(1040.493896 751.212769) (4114.796875 1442.994873)
(122.878815 413.270447) (3799.179688 2000.523438)
(465.197266 150.053909) (4068.927734 1942.694214)
(539.719543 1092.607178) (3733.118896 1534.141846)
(362.546661 22.321688) (4068.463379 2031.414917)
(630.651489 1221.406006) (3726.348877 1438.980469)
(759.713684 435.283508) (4100.765625 1698.137085)
(954.116455 718.515991) (4086.297607 1493.944092)
(789.269287 1456.626831) (3710.204102 1277.365112)
(632.226379 1192.465698) (3738.800049 1449.630249)
(767.619019 1429.740723) (3710.307129 1296.711548)
(1020.553040 470.842407) (4206.885254 1565.197754)
(161.284882 903.711548) (3623.862061 1791.172363)
(381.938019 902.605652) (3731.380615 1688.417725)
(1045.356445 627.631836) (4162.359375 1491.290161)
(942.191528 485.670105) (4166.520508 1593.979004)
(238.717255 825.241699) (3692.010742 1787.735107)
(1008.563477 711.664673) (4114.541992 1472.878174)
(744.836487 1344.981079) (3733.229736 1338.149536)
(651.741516 1249.047363) (3725.674072 1418.170898)
(183.889664 11.923080) (3987.256348 2111.112793)
(275.196716 320.344055) (3911.251465 1968.339722)
(269.475098 6.381155) (4030.411377 2076.860840)
(737.920654 1336.967651) (3733.025391 1344.325195)
(1041.203613 632.005737) (4158.882324 1491.293823)
(1053.271362 465.087036) (4223.278320 1553.303833)
(517.874329 0.049782) (4148.406250 1968.931396)
(876.974976 275.323975) (4211.578125 1705.774658)
(110.705238 116.394035) (3910.945312 2108.177490)
(85.818275 542.174866) (3729.686279 1967.821777)
(973.424805 315.406525) (4239.801270 1646.943848)
(167.311264 948.946960) (3609.163086 1770.028320)
(1009.637817 514.395386) (4186.703613 1552.541626)
(113.919960 465.978729) (3773.766602 1984.749268)
(438.479431 1150.585815) (3660.263184 1559.694580)
(187.654449 1008.775330) (3595.646729 1736.363770)
(1037.618164 617.723694) (4162.406250 1498.637451)
(232.543976 817.707397) (3691.990723 1793.655518)
(885.557678 625.639709) (4088.798340 1562.906250)
(983.625366 757.054688) (4085.759766 1465.137451)
(1033.340942 622.187988) (4158.839844 1498.665771)
(298.185394 14.395427) (4041.027832 2062.024170)
(75.645020 158.505127) (3877.142578 2108.608887)
(978.172485 307.310028) (4244.585449 1647.945801)
(242.675293 866.329834) (3677.670654 1769.114258)
(166.547348 893.756287) (3630.248047 1792.838379)
(96.328842 790.729919) (3636.893311 1865.732178)
(647.821411 1291.160156) (3706.776123 1403.765747)
(265.753998 1279.155029) (3528.886230 1591.434448)
(1010.108276 692.091187) (4122.526367 1480.212891)
(568.720276 47.108864) (4154.554688 1930.207642)
(938.088318 503.362732) (4158.287598 1588.725830)
(1075.104614 751.481201) (4130.865234 1428.276245)
(566.797668 53.474129) (4151.404297 1928.957275)
(46.431644 967.305481) (3545.775391 1816.396729)
(997.407532 446.848846) (4205.019043 1584.892822)
(720.142273 255.191528) (4148.500977 1786.003906)
(489.686646 264.128510) (4037.393555 1890.781738)
(446.222809 1138.821655) (3668.693359 1560.687866)
(913.100952 415.554657) (4178.423828 1634.995728)
(838.151428 384.310638) (4155.687988 1681.609619)
(637.479675 1278.099854) (3706.913574 1413.683105)
(981.011597 621.440979) (4135.039551 1521.782959)
(828.741150 221.963348) (4208.879395 1747.935547)
(825.798340 340.348480) (4165.869629 1704.413452)
(740.889465 1343.721313) (3731.772705 1340.433960)
(368.987976 1535.745239) (3480.092529 1445.986938)
(644.952332 1240.156128) (3725.888672 1424.849731)
(691.565247 213.720856) (4150.442383 1814.704468)
(319.414490 1471.942139) (3481.443359 1492.673950)
(598.323242 1230.974731) (3706.500000 1450.657959)
(328.059479 1216.037354) (3581.839600 1586.669189)
(991.877869 72.243790) (4326.742188 1728.861206)
(6.170089 349.219635) (3767.304199 2071.261719)
(1047.539062 661.824097) (4150.967285 1476.450684)
(186.433243 869.488892) (3649.260742 1793.681030)
(360.343353 300.223358) (3960.897949 1937.291748)
(447.588104 1196.612427) (3646.478027 1536.869629)
(131.088089 357.151184) (3825.585449 2017.509277)
(889.934570 330.594391) (4198.052246 1678.707397)
(256.256012 1176.631470) (3563.354492 1636.506226)
(1023.343262 158.837036) (4312.123535 1683.814087)
(842.538208 443.422913) (4136.251465 1656.282715)
(648.766846 258.255859) (4114.568359 1818.351807)
(377.857117 891.826355) (3733.683594 1694.821533)
(858.302856 274.692749) (4203.577637 1714.559326)
(642.337097 1273.139526) (3711.310547 1413.294556)
(655.791199 1323.167358) (3697.851807 1387.800171)
(76.892761 558.561157) (3718.833008 1965.318359)
(748.905701 1412.815918) (3707.848633 1311.327393)
(1050.973999 731.082031) (4127.161133 1446.757080)
(445.818848 1154.531982) (3662.265869 1554.559570)
(45.624439 960.056763) (3548.136719 1819.664307)
(108.387909 1072.685791) (3534.514648 1746.547363)
(78.517120 543.384338) (3725.640625 1970.433350)
(90.287178 518.016541) (3741.463867 1975.126343)
(89.126663 542.294067) (3731.255371 1966.380371)
(127.555519 362.795105) (3821.595703 2016.958740)
(817.482117 1492.497070) (3709.732422 1252.227295)
(96.605263 121.210899) (3902.143799 2112.309326)
(991.350037 452.226837) (4200.451660 1585.428467)
(1054.524536 654.437439) (4156.854004 1476.476929)
(976.660522 747.998352) (4085.872070 1471.900757)
(1036.733765 691.933289) (4134.969238 1468.801025)
(987.297607 608.954590) (4142.514648 1524.100098)
(446.192230 1180.047363) (3652.346680 1544.152710)
(742.433838 1405.172485) (3707.721191 1317.062012)
(579.741211 38.040394) (4162.761719 1928.178833)
(638.229004 1230.061890) (3726.620605 1431.984375)
(380.859772 1514.640503) (3493.196045 1447.910156)
(897.076477 313.025024) (4207.339355 1682.219360)
(752.243958 1353.357422) (3733.532471 1331.633911)
(921.152588 417.622437) (4181.307617 1630.532471)
