(324.980164 517.441650) (471.310699 1008.768250)
(322.917847 610.411621) (289.997192 449.281555)
(831.243652 1409.147705) (922.725525 1310.107178)
(304.745667 1265.532349) (329.006989 1149.703613)
(881.385498 1008.660156) (959.308167 1202.830933)
(787.303955 718.399292) (801.357483 575.549194)
(639.946533 1218.090576) (673.970703 1077.978638)
(786.944885 654.158325) (823.411011 539.499207)
(322.424591 1111.200684) (319.101807 989.727295)
(1014.378479 776.435364) (793.169678 548.631653)
(566.599060 1031.501953) (582.466370 905.433716)
(390.706604 1287.069946) (761.986023 1107.941040)
(713.984619 1198.011963) (775.091064 1053.588379)
(648.290405 987.299072) (297.403748 689.188965)
(888.317749 1278.786865) (1000.963013 1154.511230)
(345.559235 516.545166) (318.924744 422.438660)
(604.471313 1083.406006) (611.566895 918.795166)
(662.198364 669.830688) (687.399841 524.782166)
(689.226013 338.395264) (700.336243 220.214325)
(310.111023 1214.222168) (294.056763 1067.953003)
(646.575562 935.460327) (392.797729 463.148071)
(312.515167 586.870972) (113.712624 1019.543457)
(574.930908 1019.286987) (590.172485 885.869751)
(578.476501 1063.843018) (599.173645 896.246399)
(422.056824 1303.321289) (798.613892 979.477661)
(704.073059 685.359619) (792.524109 511.317078)
(283.799896 713.753296) (221.614197 580.686890)
(842.024719 998.807251) (609.135010 841.444153)
(685.329773 885.355530) (262.040436 550.998779)
(580.070984 1067.123291) (175.563034 829.327393)
(611.930725 1163.663696) (731.380981 504.618866)
(842.955139 819.682068) (285.380371 526.735046)
(682.112793 1201.929321) (724.093933 1063.912842)
(580.070984 1067.123291) (181.771530 838.207886)
(888.317749 1278.786865) (1004.068665 1148.140381)
(312.938690 571.519409) (119.715233 1000.523743)
(296.671844 935.411865) (315.594727 673.579163)
(489.685181 1095.873169) (960.528870 929.284302)
(845.722351 1307.509277) (189.728638 798.396606)
(998.497620 1186.266357) (994.918884 969.690918)
(528.704468 1324.632324) (329.913086 411.061951)
(317.301910 686.302856) (276.090240 524.954346)
(892.057434 1385.246216) (183.298782 791.224731)
(277.991608 778.029236) (867.691895 704.466248)
(342.369263 513.159546) (314.285065 412.237213)
(1009.184998 1208.344482) (973.023560 898.921204)
(278.029602 753.087463) (165.692413 784.429993)
(786.944885 654.158325) (787.262329 524.604858)
(829.250183 1347.391968) (925.591431 1196.804199)
(734.844177 660.963745) (250.577682 746.374146)
(682.112793 1201.929321) (725.338013 1055.903931)
(345.559235 516.545166) (325.664215 433.925293)
(531.798767 1325.990723) (575.312195 1187.263794)
(825.377380 954.278076) (585.906921 1004.066101)
(489.685181 1095.873169) (954.876038 940.365051)
(697.324097 180.921265) (705.142883 78.653122)
(379.223053 1229.083740) (861.846008 699.682861)
(317.301910 686.302856) (287.992126 575.997986)
(364.124969 1209.958740) (370.545532 1074.734619)
(868.073181 738.214355) (216.846985 616.002808)
(829.250183 1347.391968) (926.353394 1208.613770)
(889.884338 939.604919) (990.950378 812.688232)
(835.191345 1318.379883) (895.972351 1215.870972)
(687.930969 766.507446) (274.912903 550.330566)
(830.176514 1410.760986) (196.750168 1343.144653)
(617.228943 1091.539062) (630.110413 904.949951)
(528.704468 1324.632324) (334.937469 430.292633)
(678.655457 933.926270) (235.030823 755.034058)
(710.280762 1350.259155) (172.783142 1160.754517)
(835.191345 1318.379883) (882.493652 1218.880737)
(489.685181 1095.873169) (960.995972 916.456787)
(859.812744 1288.807373) (166.007828 605.724243)
(567.795288 1300.611816) (606.012695 1156.431274)
(289.104248 916.645508) (909.205017 1220.274292)
(835.191345 1318.379883) (896.248901 1222.461792)
(835.191345 1318.379883) (900.481873 1219.418701)
(687.930969 766.507446) (265.893890 550.140259)
(835.191345 1318.379883) (887.184509 1218.772095)
(701.488525 858.326233) (111.269218 1033.976074)
(531.798767 1325.990723) (555.612183 1195.037476)
(342.244354 630.018555) (321.029816 510.840393)
(842.024719 998.807251) (621.167358 845.584595)
(617.228943 1091.539062) (642.955200 907.073669)
(487.710297 1075.277832) (567.910400 921.817383)
(907.165039 1012.746765) (677.013062 1259.633301)
(821.928650 1348.232910) (919.472717 1220.966309)
(854.339783 1329.055298) (249.033646 758.437195)
(821.928650 1348.232910) (911.127319 1206.723389)
(338.753754 632.810791) (498.918488 1194.564087)
(892.057434 1385.246216) (195.422516 786.540222)
(334.027008 544.360474) (314.427979 444.149139)
(754.998352 127.204224) (65.629776 113.386581)
(317.214722 571.644043) (289.723358 370.161621)
(542.224915 1108.779297) (702.810120 391.038818)
(671.718079 1215.215088) (747.726685 1069.763184)
(773.457642 755.923645) (278.230713 1033.286377)
(569.294617 1309.352905) (474.529480 1057.783569)
(741.892822 709.526733) (188.494110 562.030273)
(741.892822 709.526733) (189.846802 554.600464)
(611.930725 1163.663696) (730.387939 491.189453)
(364.124969 1209.958740) (361.013794 1075.611694)
(836.245728 1278.978516) (120.926178 837.820557)
(799.926636 713.373230) (903.035645 576.212097)
(748.865234 943.314331) (849.972656 1216.147583)
(611.058594 1278.810547) (650.904846 1136.839111)
(763.118225 918.312866) (177.700104 1140.199463)
(711.846436 1324.416870) (489.391724 1022.849487)
(1017.710571 1203.691406) (206.158539 797.825989)
(549.536438 1341.085083) (595.510132 1194.212524)
(604.471313 1083.406006) (614.653137 926.021423)
(1023.319458 1190.494263) (999.703613 954.742126)
(741.892822 709.526733) (178.733612 564.119812)
(358.753510 606.027588) (334.422760 508.512329)
(629.164673 926.446777) (624.519653 811.460327)
(892.057434 1385.246216) (112.810593 109.530487)
(534.795471 1325.489746) (330.257751 396.472748)
(1010.641479 1201.999390) (950.880005 954.629211)
(916.473511 968.363342) (1019.401001 879.896606)
(671.718079 1215.215088) (728.718506 1069.997681)
(998.497620 1186.266357) (892.950562 1004.144409)
(868.073181 738.214355) (218.361435 624.332214)
(728.509216 926.570923) (58.448811 525.577271)
(891.922729 814.297424) (210.850433 1109.984619)
(318.619232 540.689941) (290.290253 354.218140)
(995.061707 779.029480) (709.581421 357.884552)
(358.970703 1188.169189) (194.741943 776.288940)
(335.208252 513.370972) (667.402405 1264.861938)
(1030.676392 797.265930) (836.962830 548.145996)
(741.892822 709.526733) (178.834244 578.764893)
(251.924805 768.139526) (932.947876 903.143250)
(764.921753 745.303528) (183.198639 570.978027)
(312.515167 586.870972) (504.676483 1138.602051)
(266.408905 734.370056) (203.123016 851.720520)
(895.165771 816.395447) (698.885010 872.352600)
(671.718079 1215.215088) (724.841248 1088.974243)
(611.058594 1278.810547) (670.380737 1145.443970)
(309.993774 1145.802002) (168.437103 587.431091)
(706.380066 697.717163) (175.170044 535.235352)
(884.389343 1204.283936) (169.132401 734.065063)
(379.223053 1229.083740) (767.381958 518.248413)
(884.758240 797.837891) (166.723618 615.031494)
(948.691956 772.972534) (995.726685 550.404175)
(835.191345 1318.379883) (854.690491 1222.725464)
(707.183105 751.589722) (248.949799 564.405640)
(268.292725 729.410950) (174.588486 615.007324)
