-24.483400 -21.612450 207.445084
137.347900 -83.520210 135.129303
-48.434406 -33.352058 201.597992
-25.927576 -9.811350 208.162186
-10.197523 -79.683586 194.027145
-25.927576 -9.811350 208.162186
137.347900 -83.520210 135.129303
17.830374 -95.440742 186.207260
34.688068 -96.326660 183.351868
-31.136862 -73.570236 194.210999
-45.415691 -7.367034 204.897888
0.916242 -97.772766 185.848450
111.865021 -46.965004 171.407440
-21.948492 -93.251839 186.875244
23.558588 -98.869308 183.765762
-31.012299 -76.872200 192.947922
11.806434 -15.635342 209.084061
-8.694597 -15.225995 209.266754
-21.948492 -93.251839 186.875244
95.828728 -29.720615 184.481812
-40.797516 -100.162193 180.008606
107.052994 -38.112743 176.598633
-18.119503 -100.101570 183.715424
16.938898 -92.512276 187.761948
107.052994 -38.112743 176.598633
19.699265 -89.517700 188.940521
16.681690 -93.020920 187.533539
-25.927576 -9.811350 208.162186
-30.116909 -89.294113 187.668671
125.498802 -41.101284 163.281158
100.111595 -31.345846 181.920609
27.830008 -72.598328 195.076843
131.084976 -36.345772 159.986603
-4.105645 -90.704567 189.356354
18.121229 -87.253891 190.153564
-24.671864 -25.172886 207.020828
93.885315 -75.010658 172.217728
14.179995 -87.693962 190.285828
-26.417734 -10.055078 208.088928
90.898819 -53.823189 181.495087
-47.504311 -76.759407 189.608368
107.052994 -38.112743 176.598633
2.127686 -100.059425 184.617401
-13.478338 -73.855011 196.121826
90.898819 -53.823189 181.495087
107.052994 -38.112743 176.598633
18.121229 -87.253891 190.153564
131.084976 -36.345772 159.986603
93.293686 -19.857817 187.088089
9.087362 -100.388161 184.227127
2.127686 -100.059425 184.617401
135.961121 -46.495178 153.142990
-32.071262 -84.158813 189.706955
-116.095963 -36.618088 171.116470
2.955572 -20.210815 209.004288
117.034760 -93.693863 147.052124
9.087362 -100.388161 184.227127
4.880839 -75.741524 195.804504
-50.299324 -75.734703 189.299316
-14.696507 -96.134048 186.124313
49.720913 -81.633301 186.986191
58.211216 -64.092133 191.320816
3.866162 -85.096756 191.946854
-3.844375 -25.965014 208.353165
2.527215 -20.243616 209.006729
-36.699196 -90.424530 185.947769
125.498802 -41.101284 163.281158
21.952951 -82.754051 191.754623
128.946030 -37.675102 161.410995
107.046791 -25.378731 178.876785
9.087362 -100.388161 184.227127
61.977085 -5.512956 200.570312
-17.371862 -97.014160 185.435883
59.336765 -11.061186 201.138763
123.711411 -46.280445 163.259323
109.961540 -45.949409 172.907806
-50.570206 -22.533108 202.570755
62.759644 -5.499198 200.327209
-21.097164 -30.486776 206.701401
24.394768 -80.495926 192.419601
99.792740 -25.601839 182.991684
-69.296677 -33.370342 195.408279
-89.400879 -6.800434 189.897964
23.893944 -75.567055 194.470291
-69.495735 -76.257408 182.907486
4.880839 -75.741524 195.804504
-127.177650 -33.836025 163.648911
-22.260138 -25.198965 207.290848
-63.584751 -74.872284 185.610123
-29.836693 -102.165009 181.030609
21.952951 -82.754051 191.754623
-69.495735 -76.257408 182.907486
2.127686 -100.059425 184.617401
33.382755 -82.733627 190.107178
-76.328194 -73.493988 181.308121
112.530365 -81.566772 157.428635
-24.161373 -96.461624 184.963211
-76.783592 -78.029984 179.208252
-89.400879 -6.800434 189.897964
-89.400879 -6.800434 189.897964
18.045315 -19.882362 208.276398
96.163132 -76.474083 170.306686
-3.016316 -14.387319 209.484863
124.519913 -33.980270 165.650635
112.569313 -99.739548 146.561142
76.712418 -68.217506 183.198196
98.115906 -48.878132 179.120621
-111.407150 -8.612322 177.804031
-89.400879 -6.800434 189.897964
98.115906 -48.878132 179.120621
-45.839279 -29.788271 202.759506
127.390205 -32.496014 163.755157
27.446163 -68.949959 196.450043
-45.839279 -29.788271 202.759506
-127.103989 -33.415066 163.792587
-89.400879 -6.800434 189.897964
-29.555136 -82.861092 190.684372
134.401291 -39.985840 156.324753
24.288174 -84.291412 190.801056
27.726471 -72.559067 195.106171
-15.462660 -26.750175 207.714554
6.561892 -30.775747 207.628983
-53.720047 -26.876850 201.225723
42.293446 -10.233476 205.442307
-81.448151 -79.483223 176.489700
-3.844375 -25.965014 208.353165
31.513680 -73.344009 194.235794
-41.836388 -31.085733 203.429092
21.722734 -100.065956 183.343719
-129.168503 -33.384396 162.175781
-53.720047 -26.876850 201.225723
-152.771423 -6.966760 143.917877
4.073713 -28.271729 208.048340
140.481827 -41.293812 150.531311
124.349281 -30.859104 166.388016
-35.434040 -70.920006 194.460220
99.338661 -71.690147 170.564819
138.955261 -34.903103 153.535690
-152.771423 -6.966760 143.917877
10.373631 -101.866974 183.345322
105.404884 -24.352274 179.991043
18.121229 -87.253891 190.153564
39.797390 -93.193245 183.932541
27.850082 -30.703356 205.868103
-63.377670 -69.517334 187.751450
-152.771423 -6.966760 143.917877
-53.720047 -26.876850 201.225723
-31.359686 -101.539032 181.125336
-152.709656 -33.387966 140.231964
129.179352 -43.721378 159.690765
-35.569290 -92.165207 185.311630
109.712738 -70.985512 164.390289
10.373631 -101.866974 183.345322
-106.854340 -6.805189 180.653931
24.461040 -16.123003 207.946396
27.850082 -30.703356 205.868103
-36.681511 -101.602570 180.087143
105.404884 -24.352274 179.991043
3.925435 -83.310028 192.727859
-72.090141 -5.861704 197.151352
27.446163 -68.949959 196.450043
132.211563 -26.820726 160.937103
-53.154938 -102.125946 175.627014
-53.154938 -102.125946 175.627014
4.073713 -28.271729 208.048340
-4.859525 -32.154442 207.466812
-99.612495 -33.080181 181.887482
124.349281 -30.859104 166.388016
124.519913 -33.980270 165.650635
9.410038 -18.551338 208.967209
93.884598 -76.067291 171.754044
-58.548134 -26.931021 199.867065
-85.194756 -29.172768 189.712418
-53.154938 -102.125946 175.627014
113.682465 -24.557121 174.852066
-5.781020 -21.163952 208.850830
-90.054565 -5.829668 189.621170
-53.720047 -26.876850 201.225723
-5.781020 -21.163952 208.850830
-43.556164 -86.136398 186.503036
-53.154938 -102.125946 175.627014
-36.681511 -101.602570 180.087143
-73.019188 -9.617811 196.661377
13.327416 -102.300720 182.912384
123.246819 -38.640198 165.581268
-58.779041 -5.672552 201.526291
-67.228218 -5.846689 198.862213
-85.194756 -29.172768 189.712418
135.327011 -27.108608 158.277374
124.349281 -30.859104 166.388016
71.410080 -65.529701 186.296692
87.970848 -61.021305 180.658600
53.089470 -20.579725 202.133575
-46.088966 -24.853903 203.366882
-83.275253 -72.321854 178.703049
-1.465659 -9.175004 209.794357
71.410080 -65.529701 186.296692
-41.678001 -24.928089 204.307449
52.826591 -16.689213 202.560654
-25.476562 -100.652206 182.537888
109.712738 -70.985512 164.390289
-106.854340 -6.805189 180.653931
-5.781020 -21.163952 208.850830
-83.275253 -72.321854 178.703049
87.970848 -61.021305 180.658600
12.066662 -101.539307 183.423447
-36.681511 -101.602570 180.087143
110.675095 -30.802896 175.790222
87.893646 -86.512436 169.971481
-83.275253 -72.321854 178.703049
92.805588 -65.962921 176.454010
-106.854340 -6.805189 180.653931
-53.154938 -102.125946 175.627014
-73.326546 -101.643623 168.498657
28.840141 -15.777058 207.411026
137.650925 -40.488457 153.339188
-58.779041 -5.672552 201.526291
-47.617706 -28.576603 202.523911
-41.316509 -82.266060 188.746506
-4.939657 -21.849392 208.801819
-22.425589 -29.080238 206.764206
128.946030 -37.675102 161.410995
113.171730 -86.485207 154.312897
122.223198 -41.002213 165.771851
-106.854340 -6.805189 180.653931
-17.439556 -103.605225 181.829086
-37.525490 -35.861004 203.484207
119.978172 -94.543190 144.106979
16.112471 -97.253326 185.424316
87.970848 -61.021305 180.658600
-108.725914 -6.775987 179.534851
-108.725914 -6.775987 179.534851
-25.927576 -9.811350 208.162186
-76.372421 -100.425560 167.874832
62.868774 -64.286865 189.775436
87.358444 -4.576784 190.912430
106.930908 -35.921097 177.131180
-152.709656 -33.387966 140.231964
106.930908 -35.921097 177.131180
26.390366 -30.650330 206.068192
109.279030 -39.685535 174.880386
117.850266 -33.051060 170.642731
13.327416 -102.300720 182.912384
-8.495964 -26.151915 208.191971
123.790543 -5.565159 169.543289
-42.120228 -95.051834 182.458313
-84.427025 -5.706083 192.196548
87.970848 -61.021305 180.658600
32.462299 -15.385851 206.904495
17.927483 -95.218422 186.311722
-100.904671 -32.722450 181.238770
92.805588 -65.962921 176.454010
54.002918 -69.958870 190.497879
34.816319 -16.537235 206.432419
-17.371862 -97.014160 185.435883
-43.556164 -86.136398 186.503036
106.930908 -35.921097 177.131180
130.814911 -37.954803 159.833954
113.690887 -34.649284 173.129456
-114.132187 -101.778862 143.926743
122.305283 -93.526138 142.808563
-121.310379 -101.806305 137.910339
76.712418 -68.217506 183.198196
107.046791 -25.378731 178.876785
27.850082 -30.703356 205.868103
-40.486900 -81.511909 189.252792
113.357262 -96.100967 148.373642
-46.769871 -93.000824 182.382629
10.373631 -101.866974 183.345322
74.967094 -66.861671 184.416519
122.305283 -93.526138 142.808563
-42.020485 -97.671135 181.092865
122.223198 -41.002213 165.771851
32.372692 -32.734024 204.891418
-108.725914 -6.775987 179.534851
-71.535469 -100.406387 170.003616
117.963821 -101.479759 141.019135
110.006439 -39.749096 174.409256
26.390366 -30.650330 206.068192
94.459785 -65.914421 175.592255
129.609238 -32.954163 161.911926
7.457422 -21.874695 208.724426
130.508148 -100.075363 130.585403
-64.840332 -35.040943 196.641464
-98.745834 -35.051373 181.990845
-55.520115 -5.818976 202.444199
-108.725914 -6.775987 179.534851
-35.168732 -16.015926 206.413788
27.485611 -68.712410 196.527710
-41.964214 -72.529800 192.557602
24.461040 -16.123003 207.946396
26.390366 -30.650330 206.068192
-58.548134 -26.931021 199.867065
-110.259422 -67.315231 165.564240
-7.801098 -89.214020 189.947372
106.930908 -35.921097 177.131180
42.383846 -23.308893 204.353394
-46.060009 -71.162979 192.130951
-90.313423 -74.367134 174.393280
-46.060009 -71.162979 192.130951
-66.643486 -100.379250 171.996078
-111.031853 -7.105650 178.105133
-51.768902 -13.295490 203.084244
130.508148 -100.075363 130.585403
24.461040 -16.123003 207.946396
36.626724 -32.189999 204.260345
87.760704 -78.119209 174.055862
86.892868 -82.614380 172.407928
123.790543 -5.565159 169.543289
130.508148 -100.075363 130.585403
-83.765549 -101.960251 163.362900
-44.689545 -81.496834 188.311203
130.508148 -100.075363 130.585403
-8.694597 -15.225995 209.266754
126.734566 -94.904854 137.954422
-67.391350 -81.285248 181.524414
-74.405380 -101.965645 167.829819
-37.728436 -92.488617 184.722549
-8.495964 -26.151915 208.191971
106.930908 -35.921097 177.131180
-66.643486 -100.379250 171.996078
27.485611 -68.712410 196.527710
119.571899 -69.086067 158.207703
-119.262871 -100.890671 140.347565
-79.837120 -5.693740 194.148422
123.790543 -5.565159 169.543289
-101.188660 -102.018448 153.144012
