636.215210 322.464111
694.248108 319.321594
635.219971 323.084259
648.615479 355.235046
565.672852 308.102081
621.034302 314.522369
640.931580 326.263580
621.835632 312.872559
643.425171 319.491150
695.444580 316.097748
644.081238 317.665436
652.934937 325.561829
673.548279 318.296631
653.113342 325.673920
710.420776 370.699219
643.832153 317.532959
608.281067 365.457703
652.963196 326.547211
641.702515 324.225189
608.837402 365.433502
571.602661 341.209045
689.066772 316.899475
689.496216 317.736267
690.527405 317.843292
678.264404 328.155518
715.968750 306.564331
567.222839 317.735443
711.297913 309.459320
606.994812 307.132874
654.091125 328.547882
603.580994 311.619049
645.520752 358.476196
711.074097 310.328796
600.781067 319.878998
684.164062 314.580658
640.296387 356.133423
653.610779 318.694733
710.183899 310.127686
686.136047 387.756775
566.040161 305.727631
593.330566 328.441772
704.128540 303.374237
627.157654 317.757263
602.832764 311.362549
672.975952 324.241913
707.563904 394.398102
737.421753 382.283478
591.450317 330.765533
577.749390 333.382233
731.193604 383.482880
597.297119 308.627930
683.087036 337.577209
663.692871 337.685760
631.886414 309.600037
712.057922 315.305725
664.537476 401.984894
677.910400 321.044586
587.804993 310.299286
710.084534 309.732849
665.105652 404.051605
680.921265 324.887848
681.612366 325.212799
660.918091 326.755432
584.750732 313.728577
597.222595 326.892303
673.359436 324.033997
715.557434 302.536224
714.841675 302.636475
679.882568 334.586639
762.732788 368.809967
681.004639 325.565857
565.203247 287.663116
669.055908 326.118500
621.928772 385.624847
669.084167 326.613251
667.112793 375.593536
630.434448 318.698334
621.636353 385.298248
660.556335 330.487640
565.565979 286.405701
566.495911 304.315613
664.996338 327.619873
675.347717 324.688202
626.177185 260.999420
650.836853 326.249268
761.491272 367.015717
637.423035 355.855011
669.925476 317.564056
761.542114 366.336914
749.050598 375.736542
636.365051 353.438446
754.164734 371.250671
706.949280 313.770111
675.677917 337.631073
567.159058 302.616699
663.887695 326.535797
714.011353 301.842163
565.268372 274.311768
629.075928 245.071045
745.497986 389.848755
583.486938 336.422089
710.390991 375.599213
757.718445 361.804047
567.265320 270.599182
653.874084 355.632874
713.902832 301.416534
753.073547 375.103760
628.750671 244.985474
713.937439 314.709198
590.398376 323.882935
759.099121 362.894897
759.544373 364.774933
680.887268 310.529144
747.365479 406.120697
592.183716 318.834961
745.871826 390.379700
563.349487 310.609344
655.113770 347.056946
583.688049 314.535858
710.773132 376.734375
710.939087 376.728516
591.916870 317.709137
680.723938 310.914001
641.656128 352.053894
591.756531 325.346375
697.974182 312.602142
762.325256 411.538544
743.786255 402.434235
569.378418 324.153320
622.018799 391.355804
753.619629 376.275208
746.264832 378.569153
592.350891 319.313782
591.087158 338.367828
641.798645 340.623932
621.734253 391.498291
591.564453 337.483154
679.759460 334.289398
748.062378 405.726624
761.661682 412.021698
742.991272 402.313690
677.427551 313.067139
677.072449 331.308167
654.364990 355.104126
593.066223 321.385559
716.090088 336.821106
669.086426 331.722961
722.245544 396.893402
607.592773 312.585846
682.591980 330.380981
712.880798 380.444824
580.882080 331.846497
636.483032 346.667450
677.088806 314.064880
698.907104 311.984131
667.300476 307.704651
714.640381 316.797791
643.379639 337.108124
711.478455 378.887146
579.918213 340.002197
635.057251 346.300049
581.006226 339.452240
585.168152 258.052124
590.794556 337.475311
707.233704 330.387238
660.974487 329.019257
569.500122 324.978333
649.406189 331.742310
636.477478 347.339996
606.944519 313.144867
672.723145 328.252838
667.564148 308.161041
578.910400 340.185303
668.007690 330.145813
613.164307 413.965790
677.522705 312.831299
657.206665 315.567322
675.434448 329.666107
607.113525 313.769745
708.888428 319.802795
660.238647 328.990631
710.034302 389.370972
700.888916 331.584320
629.235535 312.825928
700.384460 327.870361
681.402527 329.964111
726.763672 393.604095
742.346924 386.965363
733.228088 406.684052
626.201355 389.980499
669.877686 309.840790
687.301819 306.557526
711.640869 318.887695
728.030640 402.064484
583.618164 286.592560
631.237000 392.403717
657.686279 315.036285
644.056396 346.466766
713.416748 380.613037
691.628235 333.262756
706.931396 309.654083
582.343750 314.744415
705.318909 392.154724
581.117310 335.878601
597.537598 355.756500
677.868591 312.853912
673.216248 335.171661
597.420227 314.393036
584.262024 334.263306
582.993225 286.792023
708.974792 319.335632
695.315674 388.264191
640.908813 317.245605
630.792603 335.920593
672.673523 335.305695
632.535034 350.466858
629.033020 338.728790
598.890625 337.747864
724.981934 392.522369
585.345154 333.899536
716.467834 401.734772
627.734802 266.503326
713.365540 335.129242
597.581604 315.167755
687.551392 306.601471
664.110657 323.174408
569.775330 338.124451
592.280762 356.200928
596.718567 348.810669
648.764282 332.097412
568.123291 310.246521
581.477783 335.178772
629.585022 266.901520
599.485840 346.021912
598.508789 337.417023
562.090698 278.329407
685.328491 309.688751
694.220093 389.004364
563.214722 277.379303
561.506226 278.742004
726.071533 393.093323
595.526245 349.863708
643.271851 349.656006
639.747437 337.798340
633.634888 345.718689
696.095093 388.183563
611.186951 371.308044
561.720947 312.137726
606.180237 413.330292
683.688232 305.952484
600.854370 345.522614
560.676208 293.355835
628.944092 302.793488
632.562134 406.439209
633.859375 309.630219
693.956055 310.518311
596.303711 336.072662
696.016907 309.024017
656.025330 352.666016
595.977966 349.044098
607.390747 413.240723
651.254333 314.896545
664.200134 305.000336
614.174194 321.855530
643.117432 341.258087
686.854980 395.448120
628.953552 377.570374
628.699585 377.605835
711.245850 392.199280
630.131042 405.357483
620.528320 286.740540
621.327087 403.758484
743.760376 404.042725
688.873230 341.999390
621.131592 402.544006
569.713989 339.221466
611.668457 316.238953
741.319946 396.436676
679.641296 310.033051
608.148743 246.288773
586.826843 266.010681
711.145508 392.763031
694.946228 311.845642
718.800537 394.110352
614.240112 372.292725
565.355103 341.535553
745.868347 397.371918
650.637634 314.569946
632.920349 345.205170
693.098694 389.216370
684.891052 324.074768
642.188293 344.823425
622.979126 255.770157
620.398193 294.157257
644.720459 323.691742
599.085754 343.648499
691.768372 305.859711
693.711243 305.809540
671.909851 341.037384
643.712708 342.557373
725.493286 397.197357
638.873047 337.944153
647.599976 344.450073
629.642029 357.127319
565.507812 280.704071
682.847839 328.139618
666.952515 334.259186
703.698181 310.155975
599.457275 344.837830
712.983215 387.137207
638.052185 330.282654
588.924072 255.585983
598.606995 339.500153
715.340454 319.793213
621.041138 403.567963
614.380066 365.583801
728.091309 397.352020
643.479187 342.908173
613.574829 364.741211
570.118774 329.716217
633.755432 380.147766
603.852539 310.592834
729.441650 400.509796
746.229736 397.442993
663.520203 304.138428
622.008423 256.365112
626.195007 351.178680
619.894714 352.859467
627.075928 342.092407
634.956604 397.816986
575.806763 344.083282
643.651855 344.864899
625.483826 250.347672
597.380493 338.892853
731.865479 390.621643
634.635132 267.397278
570.178223 329.401703
686.206421 320.402069
631.965881 372.667511
680.056152 311.629303
716.536926 399.684265
610.323425 360.487885
695.358582 311.114044
586.384094 267.161102
645.686279 342.270386
688.181885 397.736694
623.477661 401.454956
657.216248 338.806122
638.833740 269.165894
627.208313 356.571686
570.971191 330.725769
617.732483 354.556976
635.245422 351.029419
624.322571 341.443726
567.131470 339.155090
678.411987 316.367462
691.461853 341.749817
629.735168 342.668335
715.175049 341.004120
625.744385 341.275360
697.898010 322.593719
590.747192 306.496796
618.011108 357.995087
657.828125 335.737671
575.127502 331.743927
618.918213 357.939911
717.018066 395.430267
716.083374 394.953888
728.734497 390.563416
576.002136 344.217346
660.309570 404.873932
580.230774 315.396606
657.065308 339.107788
677.866455 416.078949
567.160889 277.094604
669.374512 403.200256
739.750000 407.963165
585.945862 268.092255
672.866577 293.120361
717.331848 395.108795
639.673218 314.387482
593.755066 337.327972
690.542847 311.516632
624.748291 356.336426
575.492676 332.475708
691.072571 341.534973
712.762756 338.926483
672.599854 292.010376
682.178894 381.887421
611.694275 404.779724
585.453247 268.855347
714.952148 396.263580
712.094482 386.252502
755.079590 374.229553
633.659424 364.845459
714.313049 323.235657
736.444458 397.060669
693.704956 332.283630
652.948486 367.300293
564.050293 330.031525
715.368286 368.111816
675.087097 292.894226
574.902100 332.842621
666.934753 334.410706
565.344238 270.945129
681.218140 380.945435
629.016663 418.811615
583.791321 309.943085
563.236755 291.382599
576.913940 343.162018
713.806824 322.816925
632.769836 371.780731
587.721191 334.972443
630.707520 349.846527
620.248535 353.136047
712.786194 394.755707
686.581116 375.868896
725.319763 397.264954
714.596497 366.614990
723.948669 397.162628
659.640991 335.215851
712.207642 334.185516
631.034485 373.643372
638.526184 314.469269
658.112366 340.704010
742.945679 394.841827
564.912598 329.966736
683.917542 382.727448
724.443665 399.386444
639.479980 315.544220
684.064880 328.210083
723.810791 402.405731
694.444275 310.859222
627.301086 281.319244
712.528687 394.584473
611.078857 373.057037
601.488281 308.494629
690.095093 397.968842
671.199890 336.964813
602.677429 308.265106
765.181702 371.799255
686.190247 299.866516
690.637939 339.238831
615.718140 357.364929
605.423767 310.277466
660.891785 311.784058
606.209229 343.386444
626.345154 356.169525
588.095459 304.866608
626.227905 308.846741
625.805481 400.850677
619.169128 247.307266
589.979980 305.268768
592.116028 311.623535
708.277771 320.580566
653.269775 337.147522
619.762695 247.054718
620.712341 358.516968
669.663452 318.325256
591.845093 285.044769
741.744873 394.451172
587.999146 304.400330
587.432678 306.177826
669.379578 340.472076
710.726074 333.408142
672.446777 292.271332
635.623901 401.303925
673.453735 305.757660
573.042480 308.283691
581.086182 307.675232
590.612244 307.003357
627.571472 416.707855
587.778076 303.547089
678.932678 347.585602
626.243652 352.008698
627.258606 396.200592
662.271973 311.192749
710.752075 332.771698
592.151245 312.749573
712.438660 296.694336
689.417236 400.687347
672.315247 304.599182
581.429932 272.921783
618.822754 371.347076
636.379517 325.914948
680.781677 347.588501
563.261292 323.511444
682.843628 328.197449
711.505676 323.382843
616.199402 358.250732
584.515747 270.305420
742.779053 407.296021
633.380188 311.953796
712.211792 303.708191
691.801086 399.671173
582.379639 309.567078
646.377686 339.919098
574.712646 309.460999
673.660767 417.609985
580.759766 309.635986
661.666260 313.636475
601.808411 312.135284
764.833679 408.697540
568.278320 277.388824
765.855225 372.319305
580.154785 310.193817
581.169556 310.469055
592.095886 310.704712
574.981812 324.814606
575.529663 307.377228
628.417236 304.515961
715.313049 345.442841
714.754028 326.572540
623.493225 356.422302
620.413208 340.818390
634.789856 390.273590
683.060730 345.822998
662.136536 315.484283
572.824280 332.062897
713.790588 341.081268
683.688660 343.301025
680.745728 348.411652
577.724548 335.560974
575.899353 323.580933
600.234070 318.351471
581.937622 273.159546
748.574646 381.711945
725.026001 394.544464
682.802490 409.640656
713.775513 341.769470
627.042725 282.747162
722.523010 390.935608
709.854736 332.676788
599.677246 318.118683
683.535583 343.771423
653.568298 361.790314
575.262024 336.679962
618.738037 357.992493
741.720459 408.014984
562.112732 325.264496
619.911194 363.710571
577.912109 306.237518
740.840759 405.317780
646.490662 328.505188
562.216064 326.108978
715.104858 324.813538
622.368530 363.293365
660.451416 359.489471
652.392273 338.092865
620.863220 357.674622
625.403442 357.828033
618.463867 358.932373
617.391846 420.481934
715.354553 327.544800
618.616699 358.888336
663.940125 340.235870
688.117981 378.287567
683.559937 344.405548
715.613037 323.595001
636.059021 368.473175
567.215942 290.704803
733.193054 389.640259
575.566772 324.160675
639.334961 313.983246
713.997192 295.885651
578.998352 306.927002
706.339600 323.664917
698.834900 304.340515
575.138428 335.346649
614.247131 352.577484
592.827942 334.678192
719.015564 322.214508
736.661011 380.342560
603.395081 359.333069
630.167603 388.287933
606.804871 381.433105
747.061401 393.297302
714.160583 386.935242
686.612488 332.183258
635.463745 360.818909
722.204773 377.160004
583.896118 309.309387
715.412598 346.375854
660.534668 358.590698
574.102173 325.955566
570.451050 308.801392
742.865845 380.669220
696.863403 305.329376
645.280762 399.721161
689.005676 379.112335
578.138123 276.038361
661.277161 313.680115
633.126038 361.239563
569.161438 277.955627
649.041382 351.015503
693.046265 339.185822
760.895508 372.472321
662.900696 324.505615
656.908325 341.875885
698.467346 347.439972
674.755493 308.825897
722.728577 376.954681
696.260437 346.101746
588.969482 307.065430
740.829590 406.246582
634.485474 366.849823
660.775146 360.957611
621.280334 394.836792
725.525024 398.402740
693.487610 404.127472
709.731934 385.336945
645.343140 399.552704
682.431458 343.295898
689.157776 379.900604
616.717773 419.675659
655.239990 361.538452
707.884521 304.009155
728.272156 385.067139
680.691589 413.133148
728.217651 385.300323
591.475403 311.774323
707.990723 379.339294
643.419556 314.849243
599.823792 321.241394
614.837219 353.424896
699.841797 309.993408
694.516357 378.445251
623.857483 358.054565
694.040100 405.419312
585.209900 325.740997
694.643982 401.856934
654.529907 361.584167
720.813416 376.764618
728.856018 386.132721
682.244690 369.635071
766.565918 372.969513
692.360474 305.661407
680.174316 386.494476
679.408508 306.511414
641.620422 318.246368
665.191895 359.101227
601.684631 312.675751
694.926636 345.635742
612.417297 393.420593
704.106812 304.417908
683.831787 408.425446
713.124695 333.230896
662.367310 427.418884
731.198547 403.031921
731.439453 393.203064
612.922791 394.366730
643.118530 313.816040
739.665039 404.246429
609.612244 309.679443
688.496033 345.973022
712.616516 341.511169
680.573792 386.872467
760.870422 371.804016
688.352844 377.315796
651.564453 312.979492
591.275085 334.156708
663.855103 340.088440
673.783936 305.021606
617.077637 359.352875
643.002625 349.470642
653.285217 311.920990
661.185547 361.174377
738.095825 387.038513
653.621521 313.250275
673.016479 297.111267
635.165710 312.289642
680.555298 413.134735
637.398193 342.377350
699.268677 303.365143
629.063354 355.452911
698.388062 381.436646
632.010193 293.746002
629.166443 365.702911
666.164673 355.966583
701.457947 338.944580
599.604187 281.493774
755.237976 411.490417
596.968262 322.809906
657.372009 355.595734
624.615540 362.890839
583.286682 343.399078
692.454468 349.613342
636.408264 306.439301
688.059631 380.914032
582.654419 343.348907
694.013489 406.656860
585.595886 339.698822
760.763916 287.897736
741.991882 391.856689
698.042603 330.747559
718.257385 298.056000
631.873718 300.307373
764.850464 415.610382
689.134094 327.347351
678.029663 306.741516
602.970337 352.879791
632.012085 294.505127
619.850464 358.898346
698.229126 357.735840
641.038818 365.938599
672.118225 297.800629
709.991577 340.916351
707.946899 322.607483
637.791443 411.009216
578.305359 346.061066
703.304565 349.414124
631.971680 295.398926
687.208374 330.051910
639.414978 397.598022
687.128113 329.647949
683.231628 410.534851
669.034119 341.985962
693.876953 335.546112
672.272705 417.927063
617.530579 364.096649
640.827087 365.811127
694.461060 301.788818
699.898865 348.386078
713.929565 345.953461
571.020752 307.971802
687.262695 370.896057
700.344666 389.923859
578.259705 307.828979
693.433777 345.260834
720.618652 378.018524
688.658020 382.060730
640.491638 397.244507
718.872437 384.044830
642.222961 319.159668
602.999695 280.040344
563.406860 305.983795
628.438904 370.348145
689.110657 390.712891
611.111328 393.757324
730.727356 393.836151
641.307678 398.078125
593.669495 311.908386
686.824890 346.183838
733.969116 394.226624
718.299377 299.338440
565.548706 254.195145
764.797302 376.489349
681.493835 386.871735
611.168213 355.022552
574.902100 279.627380
719.841064 340.815857
712.532776 346.356873
715.604980 372.169128
708.686584 330.772095
716.142151 390.026184
686.783325 411.672852
759.988037 328.302216
693.424255 346.130066
694.335815 300.746765
754.381775 321.418335
598.574097 319.252991
654.239258 359.759735
563.452271 305.466553
602.818176 303.110321
759.395020 327.879639
575.758972 279.559723
636.484192 305.814240
721.323364 301.161957
605.260010 303.156097
693.724304 394.790649
616.345825 394.060211
762.034973 352.298218
687.628601 426.333221
601.515625 413.106262
656.404236 360.041901
735.281494 394.154785
729.204041 404.566833
589.636963 273.340698
631.053040 414.204041
568.907227 278.007050
760.904907 275.907928
600.223877 412.479736
631.546326 286.544128
599.982666 304.236450
633.954895 295.827820
604.825439 279.253723
585.968018 307.600708
744.692810 410.263519
761.665405 352.355743
565.661194 252.427200
683.789795 378.270905
714.002319 346.829712
603.791382 358.805939
640.490540 398.644958
713.471680 321.366821
673.824585 415.005981
720.992432 301.509827
611.870483 394.238312
668.339355 278.261902
723.619568 385.396576
632.025269 295.945099
629.129333 253.280533
719.995483 301.868439
566.273193 252.248062
692.079773 327.213318
694.108398 402.055145
629.374939 367.037628
698.329102 351.017883
692.356140 374.281219
630.314026 370.896484
720.500122 383.409882
716.165405 369.913574
761.627686 300.474365
721.030029 383.549927
708.826599 296.960846
697.802856 389.926361
692.376831 425.816681
760.794189 376.817871
762.414368 324.239441
649.676636 308.830841
621.609924 365.489319
720.280640 370.887543
685.311035 346.743713
682.501160 306.040527
762.363892 290.499939
584.866394 346.055695
696.420105 395.181610
682.258484 374.108032
584.903931 345.145416
570.851624 287.281952
669.437134 343.252319
824.275452 323.543701
824.386841 323.975647
821.570129 314.496338
801.120972 331.846344
694.338806 319.395477
807.891418 316.652191
681.434570 306.995361
670.681091 323.161621
835.968262 299.527710
801.326294 308.038391
801.125244 307.803986
681.038086 316.385010
670.895264 310.092285
837.768921 302.842102
801.762817 309.657745
837.062317 303.131805
837.121094 303.907623
800.347900 306.286743
671.549561 310.256134
868.321777 409.051727
867.601196 409.880402
673.838379 318.085693
695.024902 316.708557
806.027954 337.541412
823.103271 317.980072
710.386963 370.567902
673.757324 319.372498
672.980896 324.172668
672.986938 324.095001
688.681030 316.685913
678.543091 328.209534
828.382324 307.379028
856.622437 402.876801
710.877075 310.287781
803.563110 300.771759
828.057678 323.508820
792.319702 334.233307
829.889893 307.737122
824.034546 309.879303
828.135376 307.115936
832.938354 310.903717
680.199829 334.754486
675.701477 350.659851
847.096680 405.614136
819.719177 318.864563
670.874695 308.599396
670.708435 340.702698
710.714355 370.694885
715.572632 306.581177
820.067810 318.853821
711.591553 315.474213
794.669067 299.847534
700.786316 314.420410
833.360962 310.848938
711.081360 309.556030
686.515991 387.594635
683.273254 337.929321
707.662537 394.376587
840.796631 404.052399
835.376709 313.932617
684.282349 314.819916
684.389709 314.182098
826.612915 307.882385
703.959595 303.784821
866.962219 292.103851
736.369751 382.265259
709.735352 309.889557
866.526550 292.008820
795.737000 326.819031
732.846436 383.035767
852.392151 406.817474
794.978516 299.358246
833.087891 321.252411
840.797241 403.702057
728.246460 384.524170
829.078125 325.103912
792.411621 346.777283
824.806030 307.295410
852.520447 407.258575
680.817078 325.665833
678.519287 320.506592
841.995117 297.043152
681.614746 325.324524
821.479126 327.072479
814.490845 310.205719
862.502136 288.796539
793.286560 341.687134
809.908875 299.971680
843.325378 297.557404
675.128601 323.231110
813.318359 378.278595
690.171570 322.766876
837.190247 310.825745
690.455750 386.100342
833.379700 325.963348
814.386536 309.965454
715.007874 302.654144
817.374878 319.474762
675.795105 324.834076
843.997437 405.394775
797.935181 319.916718
706.654175 313.752594
714.368286 302.751404
815.735535 308.418579
796.880005 320.229767
816.720215 353.838013
798.110962 319.613892
673.202026 326.748138
843.631836 298.066559
713.619629 314.536072
756.276001 376.489105
801.055420 338.645966
758.081421 377.804077
844.413635 298.588257
793.035278 341.524811
834.939270 336.700897
672.576599 355.246490
799.819885 378.430725
829.273682 376.862549
800.455811 378.849854
795.293579 343.210999
749.474915 375.841583
717.123962 338.542175
834.389587 384.184845
821.283752 303.300842
745.871765 390.427032
838.211304 405.690643
829.298645 377.189545
814.618408 308.618561
846.870422 299.889343
812.958069 357.430420
852.718445 409.128479
792.267517 323.751526
809.178223 326.030060
842.097046 407.391907
694.176331 322.949036
852.913330 410.481567
821.801147 302.060944
792.152466 348.005951
743.385254 402.441406
710.451904 375.413757
754.123291 371.095093
675.806030 337.645233
676.538879 337.605011
842.676514 406.711426
842.153687 332.299530
746.340210 378.612183
742.229614 402.252472
747.958435 405.942078
707.252014 317.303009
823.560730 333.472687
838.635864 366.831482
793.665466 306.597321
814.115234 325.624329
796.403198 335.829224
791.436035 305.676025
796.603516 333.847870
718.848267 404.375153
713.500427 301.217957
703.374939 323.086945
829.167236 333.718781
824.682617 333.303802
792.830811 305.718933
710.901062 376.550201
677.728882 312.808228
838.549561 296.591492
792.929932 303.103180
839.064819 366.564880
824.890381 332.085388
818.693542 306.628906
711.094116 376.572357
839.031799 301.046692
742.238342 402.127167
825.651733 333.486298
789.260254 375.102264
682.809326 330.342499
791.236267 372.801819
796.174805 333.689667
675.676880 329.442535
826.036926 334.097382
788.775757 375.514557
796.017395 334.110107
847.945374 300.351349
802.007446 292.234528
677.862305 332.002869
791.319214 373.398712
677.723022 313.029663
670.732544 345.604614
728.633423 401.801788
798.366028 301.389343
712.725525 380.428009
821.703003 297.931732
836.963379 308.967255
833.320312 328.006531
698.419250 311.954498
835.393494 371.083282
870.079529 403.656799
796.300659 335.424988
722.396973 396.732697
833.758789 385.434418
816.116699 367.642334
827.707825 337.811066
824.514465 334.375061
819.178711 328.427063
715.910889 336.311493
675.942932 337.830933
803.467285 293.717590
711.521057 378.949860
680.675842 335.611938
710.322693 389.150055
818.094421 370.655365
822.609802 299.282135
871.226807 402.960480
796.232788 332.068481
679.846558 324.617828
816.792236 391.518555
866.696411 402.971588
798.868896 299.851593
791.675781 330.173248
733.166016 406.763062
708.600098 319.726959
685.700684 341.249084
792.429260 298.400146
725.715332 392.840729
682.048279 333.195770
836.672791 410.194702
837.996948 364.182343
732.014893 406.375244
668.596436 320.575073
791.247620 298.598267
827.548706 372.719604
711.427612 318.630035
813.911011 411.799225
714.560547 317.350403
868.420288 368.087006
720.256104 403.722687
691.102478 384.641571
789.125793 369.171295
867.437805 367.161224
811.489502 336.041840
670.524231 301.749237
819.145264 385.592834
836.035095 411.122162
867.940857 366.981506
706.160522 309.901794
671.161316 346.845062
869.784302 403.702057
681.770874 333.413879
798.892334 373.278839
818.295471 328.259430
796.512268 332.657318
680.889893 333.503143
705.520752 391.744598
842.509460 327.543488
798.606628 373.866272
668.325195 318.788239
713.712585 381.069366
844.801208 411.158478
819.374390 385.490692
817.503845 328.155151
801.601440 340.547852
820.329102 371.908569
823.398315 295.959839
867.105957 366.427856
743.521606 403.539185
687.348999 395.882233
820.032715 371.376862
812.336121 336.033447
807.551270 334.925018
713.055542 387.167358
738.993896 407.319366
811.526855 336.322235
687.014343 394.995636
867.080750 377.264008
839.203979 366.723450
831.466675 314.302856
726.516968 393.457306
809.315308 394.714142
816.301147 408.878113
822.160339 297.240601
866.461975 378.703522
809.457764 332.272308
679.590698 368.237671
683.699646 334.703583
684.913879 310.432220
810.141296 333.613373
825.264648 302.383514
724.520874 399.126801
799.322510 291.316071
842.737183 326.503571
820.589111 332.990021
686.197876 394.322540
799.343811 395.664978
667.883911 319.661621
805.525085 287.644653
821.220886 372.746338
852.899841 361.046448
867.236816 376.534973
820.588867 390.306702
817.158875 379.651001
867.628540 376.030975
683.304749 326.905243
710.914185 392.613007
797.074585 331.315735
818.903381 410.594269
715.733643 319.949005
787.746216 368.674957
715.714172 320.497406
713.187561 338.725372
804.807800 289.203705
793.261108 335.762604
689.018188 342.043427
819.336670 412.070862
820.036987 393.866211
815.372620 401.100739
678.731384 370.021790
825.966125 376.790039
838.317078 379.322327
866.808899 396.959015
679.411621 367.583496
703.717163 314.775055
725.395752 397.133911
819.375793 386.515930
670.440857 317.997131
808.573120 331.208344
864.973328 380.915802
798.090698 334.871643
810.104431 340.598175
805.798889 332.136597
688.050476 396.623322
688.109802 397.141235
685.221375 324.045166
791.742493 380.783203
809.299438 284.361084
742.046509 396.813965
810.786560 339.104950
695.635681 388.010040
867.690857 282.268494
825.503357 340.625244
813.119385 278.802185
828.843445 308.484344
868.068542 374.652069
819.969543 321.338196
834.943848 295.006256
712.074219 338.894562
706.610229 309.023895
691.283264 341.724060
795.876892 331.345917
815.972778 338.041992
867.475769 374.707489
852.371704 401.454193
820.094849 320.725464
804.726807 303.378448
818.750916 274.392120
713.744446 386.303558
678.433716 312.906342
712.437012 386.280823
736.625732 397.776062
792.555420 416.546478
817.566284 398.620422
696.291992 387.664429
864.767029 361.940308
670.583740 335.134033
814.454773 400.471954
731.407104 395.273682
822.216919 379.512360
839.133179 380.894196
867.628235 283.768188
817.808838 397.538544
846.608704 397.790771
844.969910 413.370148
691.319092 339.374420
696.158569 387.261749
691.292236 341.510223
723.035583 403.689423
795.769043 379.088074
787.674316 336.280151
867.729675 285.258636
716.821838 401.411682
746.364136 397.485504
691.494995 339.624359
718.395142 394.524841
866.071533 394.935059
834.843811 394.828278
785.568604 385.229309
717.336548 395.117218
818.535156 311.251770
867.610229 271.834686
809.370361 377.547699
716.577881 397.648651
786.270569 368.276459
694.128906 306.998749
805.471069 307.763397
714.042542 322.909973
668.472778 305.356262
670.761597 287.736847
834.846313 393.761261
735.752014 397.287048
818.936646 312.287750
668.614380 338.314087
866.861084 282.989594
801.760742 395.578644
755.409912 396.582275
790.542908 325.465485
790.826172 380.376617
714.650024 395.466553
729.852844 401.350555
730.416382 390.976074
867.605042 270.322845
730.894775 390.753784
717.050110 395.277130
867.583496 268.940521
694.255737 311.319946
755.312622 401.625427
712.730103 394.214478
818.525452 396.551941
696.836304 319.187714
728.836426 390.686676
693.575806 389.213898
804.215698 304.201843
689.223511 399.258514
716.131165 394.845459
716.540894 399.407745
714.889771 340.921448
838.313843 378.112122
868.176208 386.499237
808.102417 284.378571
844.760803 293.075317
785.528076 367.833221
736.348389 397.811127
808.126160 285.809082
867.663208 280.764130
731.981628 405.232361
724.836792 397.015747
793.094849 286.726990
847.140076 293.062042
866.877319 281.466797
844.212524 400.326996
684.566833 382.632507
829.290649 346.355927
867.659424 274.780365
867.660278 277.729431
844.111450 379.280701
784.558838 367.775482
796.210388 278.230621
712.898376 394.800629
868.233032 392.745117
867.554749 267.423828
868.144409 385.659302
691.964722 332.685760
868.618591 391.940796
786.714355 390.826691
810.155518 337.628326
731.705750 390.829987
816.477905 412.174683
867.760864 288.261841
867.638794 286.797272
857.678101 292.778900
682.294800 380.767303
717.795044 399.880249
867.562500 261.747894
818.465088 335.994293
713.747009 322.495605
837.386902 398.310059
844.429382 376.570251
845.384277 400.519348
867.406128 256.160217
711.912781 334.279358
827.696655 366.792419
843.917847 379.868256
688.993225 335.103058
828.161011 365.364105
825.282959 389.269867
818.243835 336.250000
826.900574 367.296509
670.613708 300.356506
713.115662 296.942261
755.711121 374.224915
715.080933 368.972870
673.728088 306.608459
685.935730 405.547638
695.600220 392.851257
867.614441 273.247559
828.198425 330.549591
866.777344 268.130890
825.667603 338.851776
673.544495 397.786316
867.630859 279.233093
732.798035 390.666748
686.650391 380.722656
822.991333 391.909210
673.817078 398.525177
792.302612 326.456818
668.372070 295.215759
866.748291 265.268280
689.672791 311.121368
809.443787 288.173676
743.162781 395.146057
867.943542 400.483398
736.637634 396.559662
859.013428 408.126953
828.156616 347.708344
819.351379 334.031769
808.187927 292.094666
810.385864 288.225342
668.497620 301.195892
837.359436 399.873993
710.985596 332.955536
782.526733 366.827484
847.697021 293.192780
713.995117 296.975006
716.432922 387.227875
866.846985 271.037445
869.738342 289.226074
867.474976 258.929291
715.718811 391.198334
871.212585 370.836700
725.535461 398.551575
788.217224 419.259125
728.554932 397.403015
812.669800 296.732422
870.428162 370.754425
668.102783 329.869202
871.571960 370.877899
712.968750 296.023743
867.423279 254.771454
826.798096 348.803436
727.376953 402.831696
820.707764 380.637146
673.666565 305.243683
837.702820 327.090698
841.840210 388.890015
811.671997 385.358063
866.869690 284.449646
847.422363 292.158295
823.646667 380.702148
872.071411 371.404999
716.317932 390.397308
694.673279 312.156219
724.006470 398.419220
866.348816 266.683289
803.433594 413.465759
869.793823 296.191681
825.601074 349.760712
827.384521 313.918457
787.028687 387.713623
798.403320 417.499390
748.885254 382.387115
860.146179 407.357300
792.214111 377.938904
803.140137 324.117310
805.319458 322.970612
683.784729 343.950348
808.512573 322.891418
858.753662 407.238739
827.310669 364.873871
867.573730 263.214172
789.612305 393.470245
810.564209 289.660858
688.242004 381.282318
789.315735 401.583038
680.131714 380.464264
668.082153 304.525208
825.201477 296.655182
847.279419 291.516815
790.611023 319.771545
789.978271 401.849884
803.471191 412.916473
779.532166 365.795746
700.284668 311.219727
805.343689 324.131104
691.053894 332.184479
793.010559 376.958466
816.598755 374.739014
788.252319 401.573456
812.027222 328.718079
670.506042 292.971252
693.640808 379.011505
836.229187 366.880310
690.962769 311.980347
789.307556 400.745605
736.946899 400.334839
670.521729 294.318359
836.487671 368.439209
819.067932 338.997162
672.601807 303.707886
866.719055 269.592377
797.496521 375.079926
729.986572 399.795074
690.977051 402.112396
832.446838 338.490112
667.182739 331.406158
684.242554 343.399017
715.182190 324.492706
866.839050 278.466095
809.445435 308.903046
842.571899 388.440521
799.918884 418.598633
820.969482 414.594421
820.451294 414.792877
788.317078 387.797516
866.663757 255.387558
810.233215 309.461609
670.741760 291.202881
846.181763 291.544281
668.156189 296.459442
839.242004 357.190033
670.887451 283.963654
793.498901 275.639465
866.276123 256.754150
807.044373 292.130280
870.855774 417.400696
668.025208 294.505371
669.028503 331.924438
870.879028 299.099976
668.465942 292.276733
713.565857 341.104706
869.700684 286.222412
870.697327 297.946991
864.208801 387.626251
866.817261 279.984100
835.792053 293.034668
808.031006 279.795166
838.951843 408.763000
808.041138 275.201172
811.669006 415.035370
719.227539 387.883667
792.049438 274.183350
713.549255 341.753967
844.206787 381.670502
683.749512 345.269440
849.070679 293.543732
783.814392 363.579651
811.993774 391.622406
668.068176 303.181427
871.603455 299.635559
791.967224 258.514984
866.603760 272.512054
688.527893 377.859711
706.269043 323.883026
868.211365 351.005768
796.081665 391.444366
859.118896 408.064117
811.988342 290.069427
792.908203 259.037170
779.440735 364.151855
673.874878 308.909363
870.481934 288.466156
813.131714 386.040497
680.611633 339.312408
866.881714 273.963898
673.681396 304.106537
671.429016 285.899078
866.804199 275.492645
803.405518 413.085114
781.747131 412.339844
668.410645 331.777283
813.394043 287.415070
792.865906 258.090088
741.580811 394.470612
668.091370 293.205017
847.056091 387.676575
786.528931 292.777985
790.155029 402.419128
690.619263 390.590363
762.500732 411.567322
700.306274 388.870636
806.327026 323.353485
684.585571 343.125305
713.552490 272.702728
823.272461 295.226410
867.334778 250.657486
793.234863 378.116852
788.817200 382.279755
687.053345 330.275970
811.702637 384.685303
792.388428 258.175232
820.453125 340.456421
772.918823 374.212891
867.701172 318.403900
821.963135 414.797699
839.147400 396.395233
700.030701 389.757660
807.694092 417.236267
828.553284 313.737823
869.853088 290.623138
770.496155 372.477356
719.062988 394.859161
869.615845 277.173309
799.037781 395.039215
794.460693 349.047058
671.756714 283.102386
670.878784 282.819336
728.629395 385.640900
710.200073 384.698975
867.396729 246.665222
670.593811 295.717346
676.059326 362.596252
794.835938 249.327423
814.324097 387.454987
849.847351 292.073425
700.826172 394.015717
793.415222 258.676300
706.394348 296.581879
870.608154 389.222321
787.207092 400.134583
793.344849 259.728729
870.128784 297.449280
681.310120 386.110016
869.683044 287.669952
867.446289 252.031860
813.177185 288.405121
693.792908 405.192047
791.259888 351.903748
684.674561 332.960968
742.082397 392.058502
808.023865 281.291748
707.842346 379.178192
842.573120 374.878967
715.534363 346.470551
813.483276 407.255981
793.932617 292.579224
801.048279 374.269623
849.128906 292.548615
804.574951 285.234772
683.526123 409.435913
667.482910 293.754395
858.181946 295.854309
670.911133 278.037964
700.813782 393.303070
714.575989 326.856720
692.088867 404.915558
853.380249 293.597687
804.153687 289.875336
722.176514 377.498718
782.414856 413.011810
869.570129 274.194183
670.800110 286.478912
808.961487 282.112885
667.422363 303.683350
870.358643 287.113190
810.499878 283.585510
763.483459 411.136749
717.977905 299.428497
815.344849 388.894165
820.053833 294.963226
684.545715 378.216522
698.842468 390.799072
857.118530 372.533539
851.285278 295.709259
868.020264 352.181610
794.747070 249.820358
814.794800 288.468903
809.361206 286.720001
675.817627 362.518433
866.752686 258.138184
721.211243 377.265594
777.522766 358.497284
707.901917 322.305542
681.037842 341.214508
714.060120 280.752899
846.546753 386.746338
681.621765 386.409760
713.549866 274.017792
826.526978 363.867950
874.034790 307.328705
728.309692 385.382751
807.454407 379.231842
668.002319 285.072296
714.164551 295.168304
666.882019 295.983154
715.273743 345.475555
831.510803 300.671356
801.227051 283.121460
726.236389 406.070374
798.896362 385.743591
866.574646 254.079315
798.619934 316.358826
802.835327 391.548767
805.608215 285.124359
795.511353 263.188721
719.662292 341.029724
670.851440 393.262787
676.953552 323.920105
799.906921 286.831818
815.249573 388.166595
788.946655 355.571686
862.742126 292.570648
832.503418 301.108765
811.920044 288.904297
793.903748 274.210693
719.964355 376.886017
817.733887 339.748962
849.700012 398.925934
670.806946 279.274170
869.653931 283.223572
867.770752 330.596313
796.460022 388.631195
861.408569 407.497375
841.064026 289.794861
720.420288 383.655365
795.268616 391.362122
804.352112 291.256195
812.687012 383.288940
736.119751 390.057037
712.424866 341.550690
810.057983 286.769714
807.890076 282.857819
867.107178 330.151093
799.819458 277.607758
733.127136 394.025330
867.367920 249.357346
809.321716 283.536865
805.659180 286.666565
738.286011 386.816315
791.985168 272.840240
666.871277 296.359711
695.669312 381.039398
668.556335 299.831299
847.670471 387.347778
814.857788 289.624664
686.106262 328.059204
812.251099 285.075195
695.750977 346.056244
730.230103 395.497345
682.235657 340.877197
865.294128 295.976044
841.864746 289.825836
867.578186 320.491150
706.415100 304.501434
799.099670 277.558685
813.515808 288.544556
712.868774 294.634552
788.885315 294.120911
670.848145 285.208221
668.388977 286.579712
797.217957 288.962067
779.196045 413.729401
845.958679 382.900909
856.909790 295.551483
682.589478 369.779266
796.287964 283.993195
866.748901 262.429047
718.064148 300.754944
715.535828 298.670135
687.548340 327.282043
796.916748 283.962463
869.708801 284.657776
731.193970 399.891388
684.556702 346.305511
768.748657 372.029663
670.364014 281.421356
818.225037 334.919495
870.428894 287.565613
801.540283 394.851471
720.824219 377.666016
807.655273 267.859070
802.150696 394.918121
870.300293 285.533264
806.227356 395.500885
803.228882 394.946564
821.755249 368.373749
734.285095 389.178345
670.831543 269.763580
811.115845 294.460449
869.634644 272.688354
735.043335 389.148926
714.971252 285.353455
797.651306 279.323456
840.316895 393.750305
852.038086 290.261108
675.008423 361.425751
671.085571 276.805115
857.038086 291.625793
692.642639 336.042236
696.924377 305.251740
682.472961 386.521301
838.384399 359.902771
689.069214 346.160767
804.156860 283.782562
696.952209 346.570068
804.067871 279.079071
804.660156 283.791901
714.029175 282.061676
666.974854 294.889252
864.465454 371.511749
711.460999 291.406433
810.442749 282.149353
691.302063 402.694916
672.503418 304.972443
693.587891 404.126038
847.083252 332.675201
805.691162 288.181152
866.607300 249.962952
801.996460 388.666870
798.668335 287.977325
714.262146 298.348755
810.607544 291.099762
762.553467 412.322510
869.617676 278.633972
777.218872 372.380463
698.163147 347.338593
672.514099 293.626007
857.148071 399.285675
848.069092 377.129120
780.829956 408.832733
797.093506 285.459229
808.907532 277.550385
806.605835 282.786041
721.940796 384.895691
759.915222 372.401031
719.826416 384.595673
866.894775 276.959290
732.719299 389.810608
845.690186 396.546021
869.620300 280.164246
867.773804 358.541412
825.046387 387.969452
869.522522 266.945129
670.846985 270.975861
674.869812 305.885101
867.844116 380.501434
850.999695 383.888153
666.584595 303.982483
814.759094 416.973114
806.606812 288.958771
866.638794 252.650101
796.011841 273.415833
810.588623 294.416473
673.560303 290.341583
859.438782 369.384644
716.326050 263.675964
811.342712 295.362793
798.338257 279.318054
693.200623 345.145111
666.086731 296.474182
866.771484 343.431549
693.868042 335.601746
714.072754 266.036133
793.972412 275.586304
818.887512 293.136322
867.437744 333.120636
804.647339 390.886780
726.889465 406.124237
867.213257 318.426514
814.584473 394.068024
667.485291 304.606445
821.485474 414.072571
804.745605 287.507843
866.639282 259.577209
696.129089 346.463684
825.279419 295.403259
791.990112 403.406494
673.596375 289.130157
869.590576 269.798187
868.200867 356.785431
837.694824 387.691559
720.814819 383.483246
808.011108 269.317841
818.442078 322.892151
820.508179 293.518127
861.433472 295.662567
825.951660 300.567200
864.322388 368.455475
840.827454 394.414642
714.062805 277.971222
869.484558 264.096710
686.208130 345.497498
702.834045 294.648987
666.837219 297.023224
684.073120 318.974640
799.585938 279.300598
857.322876 374.442322
813.280640 417.936920
671.639954 269.382446
670.820923 268.607910
851.222412 296.557343
799.801880 391.503998
821.060486 417.123840
778.262207 352.017883
800.036438 388.240723
804.031982 277.844055
667.962158 283.872498
689.619263 380.669342
805.583435 387.287720
670.796387 267.426361
786.547119 380.828491
870.208923 278.039948
718.506836 386.856873
869.439453 259.842865
851.987915 292.220734
823.827393 295.815277
797.085876 274.810913
866.624146 251.330902
789.190369 275.837158
867.233704 334.003754
710.458862 292.683228
692.406372 304.724915
689.426758 327.695862
708.129822 380.636414
869.426453 271.282806
705.852661 304.376678
793.347473 387.796814
859.567627 374.958740
841.114868 287.553802
839.078491 402.468445
666.111877 295.549988
808.830688 271.602386
670.721558 280.512726
718.906189 384.040161
841.574768 395.454193
852.505005 384.099335
831.012329 409.474243
787.729614 330.866882
718.862915 322.340332
861.447021 296.158417
667.324219 302.227936
870.320679 273.567017
782.713928 369.431946
711.429993 341.558716
697.615479 297.659698
832.715942 401.062988
870.077148 336.217987
717.995300 383.037476
827.838135 362.335236
715.919189 270.332214
814.783813 406.682587
765.202576 371.434845
809.066284 310.236176
673.700562 295.235413
866.132324 343.325531
673.593201 291.436981
714.783325 284.045715
715.184814 326.609039
713.532532 269.991119
796.546875 400.730164
789.643005 325.892456
789.741638 279.977203
798.986267 288.870728
848.703796 385.076691
866.277588 341.937012
792.992737 388.652283
683.046082 372.360046
671.407166 277.437836
787.232361 380.888092
715.972168 268.980469
713.945190 345.925995
769.163208 412.133636
860.824951 297.969635
708.487244 330.526215
697.585876 330.558167
714.083069 279.338287
813.786377 329.290894
841.210022 391.842102
752.911133 411.553772
699.073486 357.389465
818.371887 297.949127
847.735352 380.188538
808.172424 290.469208
849.592041 384.460358
715.926086 271.696167
691.477600 375.096344
709.835754 340.806305
870.068726 323.151947
866.135986 343.462708
841.550110 288.886047
840.372803 287.640167
867.388855 340.921448
687.250366 370.325806
682.187866 372.546021
703.889099 349.375732
867.397522 247.969864
672.585632 294.904907
829.180847 335.566406
687.601013 346.016663
702.974731 293.744202
792.893921 387.348633
670.329163 250.549210
860.477478 374.580200
819.639526 380.164276
715.048218 286.724487
806.064819 311.309784
849.599670 403.441376
751.676575 411.509186
697.650574 298.815521
713.874084 259.395569
869.643311 281.653687
688.875305 327.693298
870.335876 276.517822
715.911377 273.044434
826.874146 384.036743
798.348022 280.751434
795.384888 399.872650
794.131592 281.631012
776.100403 372.867432
666.547546 302.963806
786.573914 330.427185
713.188538 266.135956
865.896729 333.161804
711.278992 346.740631
870.218018 260.681366
792.441895 386.940887
698.487244 297.485962
847.004700 385.558258
851.479126 376.153137
866.651489 248.652237
712.628906 346.276794
728.434387 386.852600
795.595642 350.312622
840.193481 394.893127
673.657532 296.539764
752.603027 412.393524
747.024536 410.240967
770.045471 412.571777
706.992554 300.703613
670.457092 266.762512
799.456055 280.768555
714.124451 346.912079
693.398804 285.884308
671.708374 274.798920
819.137390 284.443512
744.228638 409.194092
694.564270 302.202271
770.143799 411.624115
810.416870 277.602936
727.544678 399.799133
725.771484 394.918060
794.066284 272.571686
676.723633 272.276123
816.789429 337.668427
667.341858 284.766785
670.377258 251.649109
683.901611 410.516693
814.304321 294.692719
870.064819 313.122925
860.383057 369.277679
867.659180 360.729156
795.603149 268.906830
869.419006 252.996704
867.909363 332.279816
867.063843 309.972870
775.113098 374.293701
714.096741 347.956360
805.620850 271.593475
773.694153 412.333679
710.934265 279.303589
804.834412 378.173187
867.461182 310.691376
752.392639 412.551483
805.897339 391.429596
869.462769 268.378937
867.206970 359.861603
727.582886 405.349945
687.650146 371.795258
809.761475 294.053009
870.938538 323.938354
671.268433 295.599457
666.076050 297.489227
